1 0.89921875 0.32083333333333336 0.05078125 0.14375
1 0.8328125 0.17152777777777778 0.094140625 0.14375
11 0.777734375 0.4479166666666667 0.07578125 0.11527777777777778
3 0.685546875 0.5034722222222222 0.021875 0.034722222222222224
0 0.68515625 0.5291666666666667 0.0203125 0.015277777777777777
9 0.478515625 0.48541666666666666 0.010546875 0.02361111111111111
0 0.478125 0.5069444444444444 0.009765625 0.02013888888888889
4 0.432421875 0.4736111111111111 0.017578125 0.03125
1 0.433203125 0.42916666666666664 0.019140625 0.059722222222222225
12 0.47421875 0.38263888888888886 0.040234375 0.04861111111111111
1 0.39296875 0.3729166666666667 0.0359375 0.06041666666666667
3 0.412109375 0.43333333333333335 0.019921875 0.04027777777777778