7 0.901171875 0.4534722222222222 0.046484375 0.08263888888888889
1 0.815625 0.3548611111111111 0.040625 0.1111111111111111
1 0.7640625 0.24027777777777778 0.071875 0.1125
11 0.74375 0.4479166666666667 0.06875 0.09930555555555555
3 0.670703125 0.4965277777777778 0.020703125 0.03333333333333333
9 0.485546875 0.4826388888888889 0.0109375 0.022222222222222223
12 0.48203125 0.39375 0.037890625 0.04236111111111111
1 0.44453125 0.43680555555555556 0.01796875 0.05486111111111111
4 0.444140625 0.47708333333333336 0.015234375 0.02638888888888889
3 0.4265625 0.4395833333333333 0.019921875 0.03611111111111111
1 0.40859375 0.3854166666666667 0.03515625 0.05416666666666667
0 0.48515625 0.5027777777777778 0.008984375 0.01875
0 0.669921875 0.5201388888888889 0.01796875 0.0125