0 0.866796875 0.5166666666666667 0.04609375 0.03680555555555556
3 0.865625 0.46458333333333335 0.04609375 0.07569444444444444
0 0.441796875 0.49375 0.014453125 0.03194444444444444
9 0.44296875 0.4618055555555556 0.017578125 0.034027777777777775
0 0.36328125 0.4791666666666667 0.022265625 0.044444444444444446
8 0.362890625 0.43333333333333335 0.02890625 0.05277777777777778
0 0.3203125 0.45069444444444445 0.0265625 0.03263888888888889
4 0.31953125 0.4041666666666667 0.036328125 0.06388888888888888
1 0.32109375 0.3145833333333333 0.039453125 0.12638888888888888
12 0.40703125 0.21319444444444444 0.084765625 0.09930555555555555
3 0.237109375 0.27569444444444446 0.051171875 0.09236111111111112
1 0.236328125 0.1909722222222222 0.079296875 0.12708333333333333