0 0.761328125 0.5326388888888889 0.032421875 0.02361111111111111
3 0.760546875 0.49375 0.0328125 0.05416666666666667
0 0.449609375 0.5034722222222222 0.01171875 0.025694444444444443
9 0.45 0.4756944444444444 0.01484375 0.029166666666666667
0 0.392578125 0.4951388888888889 0.01640625 0.03611111111111111
8 0.394140625 0.45902777777777776 0.01875 0.03611111111111111
0 0.3703125 0.4798611111111111 0.01953125 0.022916666666666665
1 0.369921875 0.3784722222222222 0.03046875 0.09375
4 0.369921875 0.44513888888888886 0.026953125 0.04722222222222222
3 0.3265625 0.36666666666666664 0.033203125 0.06041666666666667
1 0.31015625 0.28958333333333336 0.05546875 0.08958333333333333
12 0.434765625 0.3076388888888889 0.062109375 0.06944444444444445