7 0.793359375 0.49722222222222223 0.03671875 0.06041666666666667
1 0.745703125 0.41597222222222224 0.03046875 0.0875
11 0.70546875 0.48125 0.05546875 0.08541666666666667
1 0.705859375 0.32569444444444445 0.05703125 0.08958333333333333
3 0.650390625 0.5208333333333334 0.017578125 0.027777777777777776
9 0.488671875 0.5055555555555555 0.010546875 0.019444444444444445
4 0.453125 0.5013888888888889 0.01484375 0.024305555555555556
1 0.4859375 0.4305555555555556 0.034375 0.04027777777777778
1 0.421875 0.4222222222222222 0.029296875 0.049305555555555554
1 0.453125 0.4666666666666667 0.01640625 0.04722222222222222
3 0.43828125 0.4701388888888889 0.0171875 0.03333333333333333
0 0.488671875 0.525 0.007421875 0.018055555555555554