11 0.863671875 0.4201388888888889 0.10234375 0.15902777777777777
3 0.719140625 0.4979166666666667 0.024609375 0.04583333333333333
0 0.7203125 0.5291666666666667 0.02421875 0.02013888888888889
0 0.47109375 0.4986111111111111 0.01015625 0.022916666666666665
9 0.47109375 0.475 0.01484375 0.02638888888888889
4 0.4140625 0.4548611111111111 0.02109375 0.0375
1 0.4140625 0.40347222222222223 0.02265625 0.07152777777777777
12 0.464453125 0.34791666666666665 0.05078125 0.058333333333333334
1 0.3671875 0.33194444444444443 0.044921875 0.07569444444444444
3 0.386328125 0.3993055555555556 0.025390625 0.049305555555555554
0 0.427734375 0.49444444444444446 0.0140625 0.029861111111111113