0 0.77265625 0.5347222222222222 0.034375 0.027777777777777776
3 0.772265625 0.49375 0.03359375 0.05347222222222222
0 0.45078125 0.5069444444444444 0.01171875 0.027083333333333334
9 0.451171875 0.4777777777777778 0.015625 0.029861111111111113
0 0.391796875 0.4979166666666667 0.01796875 0.03680555555555556
8 0.392578125 0.46041666666666664 0.020703125 0.0375
0 0.36796875 0.4791666666666667 0.019921875 0.025694444444444443
4 0.367578125 0.4444444444444444 0.027734375 0.04652777777777778
1 0.368359375 0.3770833333333333 0.029296875 0.09305555555555556
12 0.434375 0.3020833333333333 0.06484375 0.07430555555555556
1 0.30546875 0.2847222222222222 0.057421875 0.09305555555555556
3 0.321484375 0.3645833333333333 0.0359375 0.0625