1 0.94296875 0.29791666666666666 0.05625 0.15486111111111112
1 0.869921875 0.13333333333333333 0.10078125 0.15694444444444444
11 0.79765625 0.4388888888888889 0.08046875 0.12013888888888889
6 0.6953125 0.5263888888888889 0.022265625 0.021527777777777778
3 0.69453125 0.5013888888888889 0.02421875 0.035416666666666666
0 0.480078125 0.5013888888888889 0.009765625 0.022222222222222223
9 0.48046875 0.4791666666666667 0.012109375 0.02361111111111111
4 0.432421875 0.4666666666666667 0.016015625 0.030555555555555555
12 0.4765625 0.375 0.043359375 0.05
1 0.433984375 0.42083333333333334 0.019921875 0.06388888888888888
3 0.41171875 0.4215277777777778 0.021484375 0.04027777777777778
1 0.39140625 0.36180555555555555 0.03828125 0.0625