11 0.82890625 0.43472222222222223 0.088671875 0.13541666666666666
3 0.7078125 0.5020833333333333 0.025 0.04027777777777778
0 0.70703125 0.5298611111111111 0.023046875 0.016666666666666666
0 0.47578125 0.5034722222222222 0.009375 0.021527777777777778
9 0.4765625 0.4791666666666667 0.01171875 0.022916666666666665
12 0.4703125 0.3638888888888889 0.045703125 0.05347222222222222
4 0.423046875 0.4652777777777778 0.018359375 0.03333333333333333
1 0.42421875 0.41597222222222224 0.02109375 0.06597222222222222
3 0.39921875 0.41597222222222224 0.0234375 0.04652777777777778
1 0.380078125 0.35138888888888886 0.03984375 0.06527777777777778
0 0.4234375 0.4888888888888889 0.013671875 0.01875