11 0.76796875 0.44166666666666665 0.0734375 0.1125
1 0.869921875 0.3298611111111111 0.04609375 0.13333333333333333
1 0.81015625 0.19166666666666668 0.084765625 0.12986111111111112
3 0.681640625 0.49444444444444446 0.021875 0.03611111111111111
0 0.6828125 0.5208333333333334 0.021875 0.017361111111111112
0 0.4828125 0.4979166666666667 0.01015625 0.020833333333333332
9 0.482421875 0.4756944444444444 0.012109375 0.02361111111111111
4 0.438671875 0.46805555555555556 0.017578125 0.030555555555555555
1 0.4390625 0.425 0.01875 0.05694444444444444
12 0.479296875 0.38125 0.0421875 0.04652777777777778
1 0.401171875 0.3701388888888889 0.037890625 0.06041666666666667
3 0.41953125 0.4270833333333333 0.021484375 0.03958333333333333