7 0.88359375 0.4576388888888889 0.0484375 0.08611111111111111
1 0.803515625 0.36319444444444443 0.039453125 0.11180555555555556
1 0.7515625 0.25069444444444444 0.06953125 0.1076388888888889
11 0.735546875 0.45 0.06484375 0.10277777777777777
3 0.665625 0.49930555555555556 0.02109375 0.03194444444444444
0 0.66640625 0.5215277777777778 0.020703125 0.01597222222222222
12 0.48046875 0.39861111111111114 0.037890625 0.044444444444444446
1 0.408203125 0.38958333333333334 0.033203125 0.05277777777777778
1 0.44375 0.44027777777777777 0.018359375 0.05486111111111111
9 0.483984375 0.4847222222222222 0.009765625 0.022222222222222223
4 0.443359375 0.4791666666666667 0.015625 0.027083333333333334
3 0.4265625 0.4409722222222222 0.017578125 0.03680555555555556
0 0.483203125 0.50625 0.00859375 0.01875