0 0.9140625 0.5194444444444445 0.052734375 0.03888888888888889
3 0.912890625 0.46041666666666664 0.05234375 0.08611111111111111
0 0.43828125 0.5020833333333333 0.015625 0.03194444444444444
9 0.439453125 0.4673611111111111 0.019140625 0.03680555555555556
0 0.349609375 0.4826388888888889 0.02421875 0.04861111111111111
8 0.349609375 0.43194444444444446 0.0296875 0.05625
0 0.29765625 0.45 0.029296875 0.03819444444444445
4 0.297265625 0.3972222222222222 0.040625 0.07291666666666667
1 0.29921875 0.2965277777777778 0.04296875 0.1361111111111111
12 0.395703125 0.18472222222222223 0.096875 0.1076388888888889
1 0.204296875 0.1597222222222222 0.08828125 0.14166666666666666
3 0.194140625 0.24305555555555555 0.060546875 0.10347222222222222