1 0.4265625 0.4340277777777778 0.026953125 0.04583333333333333
3 0.442578125 0.48055555555555557 0.014453125 0.027083333333333334
1 0.457421875 0.47638888888888886 0.015625 0.04583333333333333
4 0.456640625 0.5104166666666666 0.01171875 0.02013888888888889
12 0.4890625 0.4409722222222222 0.030859375 0.034722222222222224
9 0.49140625 0.5138888888888888 0.008203125 0.015277777777777777
0 0.49140625 0.5319444444444444 0.007421875 0.017361111111111112
3 0.64921875 0.5298611111111111 0.014453125 0.024305555555555556
11 0.701171875 0.4930555555555556 0.05234375 0.07847222222222222
1 0.736328125 0.42916666666666664 0.026953125 0.08194444444444444
7 0.778125 0.5090277777777777 0.03203125 0.05277777777777778
1 0.698046875 0.34375 0.05 0.08194444444444444