7 0.7546875 0.5208333333333334 0.0296875 0.05486111111111111
1 0.721875 0.4486111111111111 0.026171875 0.07430555555555556
1 0.68671875 0.36944444444444446 0.04609375 0.07152777777777777
11 0.693359375 0.5027777777777778 0.050390625 0.07777777777777778
3 0.646875 0.5402777777777777 0.015625 0.02638888888888889
12 0.49453125 0.4548611111111111 0.030859375 0.03819444444444445
1 0.433984375 0.4465277777777778 0.028125 0.04236111111111111
1 0.464453125 0.4888888888888889 0.01328125 0.04513888888888889
3 0.450390625 0.49166666666666664 0.015234375 0.03263888888888889
4 0.464453125 0.5215277777777778 0.0140625 0.022222222222222223
9 0.496875 0.5236111111111111 0.010546875 0.02013888888888889