7 0.958984375 0.44513888888888886 0.055859375 0.09652777777777778
1 0.84765625 0.33819444444444446 0.04296875 0.12430555555555556
1 0.790625 0.20972222222222223 0.077734375 0.12152777777777778
11 0.75859375 0.4423611111111111 0.071875 0.10555555555555556
3 0.678125 0.49444444444444446 0.019921875 0.034722222222222224
0 0.678515625 0.5180555555555556 0.019921875 0.014583333333333334
9 0.484375 0.47847222222222224 0.010546875 0.020833333333333332
0 0.483984375 0.4986111111111111 0.00859375 0.019444444444444445
12 0.48125 0.38472222222222224 0.0390625 0.04375
1 0.4421875 0.42777777777777776 0.01796875 0.05625
4 0.441796875 0.4701388888888889 0.01484375 0.027777777777777776
3 0.423828125 0.4305555555555556 0.01875 0.03333333333333333
1 0.404296875 0.37430555555555556 0.033984375 0.05555555555555555