7 0.797265625 0.4930555555555556 0.036328125 0.06666666666666667
1 0.748828125 0.4097222222222222 0.03125 0.08888888888888889
1 0.707421875 0.32013888888888886 0.05625 0.09097222222222222
11 0.7078125 0.4798611111111111 0.0546875 0.09027777777777778
3 0.651953125 0.5173611111111112 0.018359375 0.03125
9 0.4890625 0.5020833333333333 0.01171875 0.020833333333333332
12 0.4859375 0.42569444444444443 0.033984375 0.04236111111111111
1 0.45390625 0.46458333333333335 0.015625 0.04791666666666667
4 0.453515625 0.4986111111111111 0.015625 0.024305555555555556
3 0.438671875 0.4673611111111111 0.016015625 0.03263888888888889
1 0.421875 0.41944444444444445 0.033203125 0.05
0 0.4890625 0.5222222222222223 0.00703125 0.019444444444444445