0 0.81796875 0.5201388888888889 0.044140625 0.034027777777777775
3 0.8171875 0.4736111111111111 0.03984375 0.07152777777777777
0 0.441796875 0.4930555555555556 0.015625 0.030555555555555555
9 0.442578125 0.46319444444444446 0.01796875 0.03333333333333333
0 0.371875 0.48194444444444445 0.020703125 0.041666666666666664
8 0.37265625 0.43819444444444444 0.025 0.05
4 0.339453125 0.4173611111111111 0.034375 0.05694444444444444
1 0.340625 0.33611111111111114 0.040234375 0.11041666666666666
12 0.4171875 0.24861111111111112 0.078515625 0.08819444444444445
3 0.275 0.3125 0.046484375 0.07847222222222222
1 0.26484375 0.2263888888888889 0.071875 0.11458333333333333
0 0.337890625 0.4583333333333333 0.023828125 0.030555555555555555