11 0.86328125 0.4152777777777778 0.098828125 0.15347222222222223
0 0.72109375 0.5208333333333334 0.025390625 0.01875
3 0.72109375 0.49027777777777776 0.02578125 0.04097222222222222
0 0.47421875 0.49236111111111114 0.010546875 0.020833333333333332
9 0.474609375 0.46805555555555556 0.012109375 0.025694444444444443
4 0.418359375 0.44930555555555557 0.0203125 0.0375
0 0.417578125 0.47638888888888886 0.014453125 0.018055555555555554
1 0.41875 0.39791666666666664 0.021875 0.07152777777777777
12 0.46875 0.3423611111111111 0.049609375 0.05763888888888889
3 0.391015625 0.3951388888888889 0.02578125 0.04583333333333333
1 0.37109375 0.3277777777777778 0.043359375 0.07361111111111111