0 0.747265625 0.525 0.029296875 0.022916666666666665
3 0.746875 0.4875 0.0328125 0.049305555555555554
0 0.45625 0.4951388888888889 0.011328125 0.02638888888888889
9 0.456640625 0.46944444444444444 0.0140625 0.025
0 0.4046875 0.48819444444444443 0.015234375 0.034722222222222224
8 0.404296875 0.4534722222222222 0.01796875 0.034027777777777775
4 0.383203125 0.44166666666666665 0.02421875 0.04236111111111111
0 0.383984375 0.47430555555555554 0.01796875 0.021527777777777778
1 0.384375 0.38055555555555554 0.025390625 0.08472222222222223
12 0.44375 0.3138888888888889 0.0578125 0.06527777777777778
3 0.345703125 0.37222222222222223 0.030859375 0.05416666666666667
1 0.327734375 0.2972222222222222 0.050390625 0.08472222222222223
11 0.94765625 0.3763888888888889 0.1046875 0.2048611111111111