7 0.7671875 0.5104166666666666 0.03203125 0.05486111111111111
1 0.7296875 0.43472222222222223 0.026953125 0.08263888888888889
1 0.69296875 0.3527777777777778 0.051171875 0.0798611111111111
11 0.698828125 0.49375 0.052734375 0.08125
3 0.648046875 0.5305555555555556 0.016015625 0.027777777777777776
9 0.494140625 0.5131944444444444 0.009765625 0.01875
4 0.460546875 0.5111111111111111 0.0125 0.022222222222222223
12 0.492578125 0.44375 0.03046875 0.0375
1 0.461328125 0.47847222222222224 0.015625 0.04861111111111111
3 0.446875 0.48055555555555557 0.0140625 0.029861111111111113
1 0.43046875 0.43472222222222223 0.027734375 0.044444444444444446
0 0.494140625 0.5319444444444444 0.007421875 0.015277777777777777