0 0.892578125 0.5055555555555555 0.050390625 0.03888888888888889
3 0.891796875 0.4465277777777778 0.05234375 0.07916666666666666
0 0.4328125 0.48125 0.014453125 0.030555555555555555
9 0.43359375 0.4479166666666667 0.018359375 0.034722222222222224
0 0.346484375 0.4625 0.0234375 0.04652777777777778
8 0.345703125 0.4125 0.029296875 0.05416666666666667
0 0.296484375 0.42916666666666664 0.027734375 0.034722222222222224
4 0.296875 0.3784722222222222 0.040234375 0.06944444444444445
1 0.2984375 0.2798611111111111 0.0421875 0.13541666666666666
12 0.393359375 0.17222222222222222 0.09140625 0.10416666666666667
1 0.206640625 0.1451388888888889 0.086328125 0.14097222222222222
3 0.198828125 0.22916666666666666 0.057421875 0.09791666666666667