7 0.776171875 0.5048611111111111 0.033203125 0.05625
1 0.734765625 0.4263888888888889 0.030859375 0.08333333333333333
1 0.697265625 0.34375 0.051171875 0.08125
11 0.701953125 0.4875 0.054296875 0.08263888888888889
3 0.650390625 0.5270833333333333 0.01640625 0.027083333333333334
0 0.49375 0.5284722222222222 0.00859375 0.017361111111111112
9 0.494140625 0.5118055555555555 0.009765625 0.016666666666666666
12 0.49140625 0.4375 0.031640625 0.03680555555555556
1 0.460546875 0.475 0.015234375 0.04652777777777778
4 0.4609375 0.5083333333333333 0.014453125 0.02361111111111111
3 0.446484375 0.47708333333333336 0.015625 0.02847222222222222
1 0.4296875 0.43194444444444446 0.029296875 0.04722222222222222