0 0.902734375 0.5125 0.0515625 0.04027777777777778
3 0.9015625 0.4534722222222222 0.05 0.08194444444444444
0 0.43515625 0.49166666666666664 0.01484375 0.030555555555555555
9 0.4359375 0.4583333333333333 0.019140625 0.03611111111111111
0 0.34765625 0.4736111111111111 0.025 0.04861111111111111
8 0.34765625 0.42291666666666666 0.0296875 0.05347222222222222
0 0.29609375 0.4395833333333333 0.02890625 0.03611111111111111
4 0.296484375 0.38819444444444445 0.041796875 0.07013888888888889
1 0.297265625 0.28958333333333336 0.041796875 0.1361111111111111
12 0.39296875 0.1798611111111111 0.0921875 0.10347222222222222
3 0.195703125 0.2375 0.06015625 0.10277777777777777
1 0.20390625 0.15416666666666667 0.087109375 0.14027777777777778