7 0.7453125 0.5354166666666667 0.0296875 0.050694444444444445
1 0.713671875 0.4638888888888889 0.026953125 0.075
11 0.687890625 0.5173611111111112 0.055859375 0.07777777777777778
1 0.67890625 0.3875 0.047265625 0.07361111111111111
3 0.641796875 0.5506944444444445 0.015234375 0.02638888888888889
0 0.494140625 0.5513888888888889 0.00859375 0.016666666666666666
9 0.49375 0.5340277777777778 0.009765625 0.018055555555555554
4 0.462109375 0.5326388888888889 0.013671875 0.022916666666666665
12 0.491796875 0.4666666666666667 0.030078125 0.0375
1 0.46171875 0.5006944444444444 0.01484375 0.04513888888888889
1 0.43203125 0.4597222222222222 0.0265625 0.043055555555555555
3 0.4484375 0.5041666666666667 0.0140625 0.027083333333333334