7 0.777734375 0.5069444444444444 0.033984375 0.05416666666666667
1 0.736328125 0.42777777777777776 0.028125 0.08263888888888889
1 0.6984375 0.34375 0.051953125 0.08263888888888889
11 0.70234375 0.4909722222222222 0.0546875 0.08125
12 0.490625 0.43819444444444444 0.03203125 0.03680555555555556
1 0.42890625 0.4340277777777778 0.028125 0.044444444444444446
1 0.459375 0.47638888888888886 0.016015625 0.04722222222222222
9 0.49375 0.5138888888888888 0.008984375 0.017361111111111112
0 0.493359375 0.53125 0.007421875 0.014583333333333334
3 0.445703125 0.48055555555555557 0.0171875 0.029861111111111113
4 0.459375 0.5104166666666666 0.01328125 0.024305555555555556
3 0.65078125 0.5284722222222222 0.017578125 0.02638888888888889