1 0.41796875 0.41805555555555557 0.029296875 0.04861111111111111
3 0.435546875 0.46805555555555556 0.015234375 0.027777777777777776
1 0.451171875 0.4638888888888889 0.015234375 0.04652777777777778
4 0.450390625 0.5006944444444444 0.01171875 0.02013888888888889
9 0.487109375 0.5048611111111111 0.00859375 0.017361111111111112
0 0.48671875 0.5236111111111111 0.00859375 0.016666666666666666
12 0.484375 0.425 0.03359375 0.03888888888888889
3 0.655078125 0.51875 0.01640625 0.02847222222222222
11 0.712890625 0.4777777777777778 0.055859375 0.08680555555555555
7 0.81328125 0.49375 0.0359375 0.06180555555555556
1 0.758203125 0.40625 0.030859375 0.09166666666666666
1 0.716015625 0.3104166666666667 0.05625 0.09097222222222222