7 0.890625 0.4527777777777778 0.05234375 0.08194444444444444
1 0.808203125 0.35625 0.040625 0.11666666666666667
1 0.757421875 0.24583333333333332 0.070703125 0.10902777777777778
11 0.738671875 0.44513888888888886 0.068359375 0.10486111111111111
3 0.668359375 0.49444444444444446 0.021484375 0.034722222222222224
9 0.48515625 0.4791666666666667 0.012109375 0.022222222222222223
12 0.48203125 0.39305555555555555 0.0375 0.04097222222222222
1 0.408984375 0.38472222222222224 0.0328125 0.05347222222222222
1 0.444921875 0.4354166666666667 0.01875 0.052083333333333336
4 0.444921875 0.475 0.0140625 0.02847222222222222
3 0.42734375 0.43819444444444444 0.019140625 0.03888888888888889
0 0.484765625 0.5020833333333333 0.008203125 0.02013888888888889
0 0.668359375 0.5180555555555556 0.017578125 0.01597222222222222