11 0.823828125 0.4326388888888889 0.087109375 0.1326388888888889
1 0.938671875 0.07291666666666667 0.117578125 0.1451388888888889
0 0.7046875 0.5277777777777778 0.02265625 0.019444444444444445
3 0.704296875 0.49930555555555556 0.023828125 0.03611111111111111
0 0.475390625 0.5013888888888889 0.010546875 0.02013888888888889
9 0.47578125 0.47847222222222224 0.012890625 0.025
12 0.470703125 0.36319444444444443 0.046484375 0.05277777777777778
0 0.4234375 0.4875 0.01328125 0.018055555555555554
4 0.4234375 0.46111111111111114 0.018359375 0.03333333333333333
1 0.42421875 0.4152777777777778 0.0203125 0.06597222222222222
3 0.399609375 0.4131944444444444 0.024609375 0.044444444444444446
1 0.3796875 0.3486111111111111 0.041796875 0.06805555555555555