11 0.801171875 0.43333333333333335 0.08203125 0.12361111111111112
1 0.949609375 0.2875 0.0546875 0.16111111111111112
1 0.876953125 0.11875 0.10078125 0.15694444444444444
0 0.696875 0.5215277777777778 0.022265625 0.017361111111111112
3 0.69765625 0.4930555555555556 0.021875 0.04027777777777778
0 0.480078125 0.4965277777777778 0.009765625 0.021527777777777778
9 0.48046875 0.47291666666666665 0.012109375 0.022916666666666665
4 0.43203125 0.46111111111111114 0.01640625 0.03125
1 0.4328125 0.41458333333333336 0.020703125 0.0625
12 0.476171875 0.36666666666666664 0.043359375 0.05
1 0.390625 0.3527777777777778 0.0375 0.0625
3 0.409765625 0.41597222222222224 0.021875 0.04027777777777778