7 0.730078125 0.5493055555555556 0.026171875 0.04513888888888889
1 0.703515625 0.4840277777777778 0.025 0.07222222222222222
1 0.671484375 0.41041666666666665 0.044140625 0.06944444444444445
11 0.681640625 0.53125 0.04453125 0.07152777777777777
3 0.63984375 0.5631944444444444 0.0140625 0.027083333333333334
9 0.498828125 0.5458333333333333 0.009375 0.017361111111111112
4 0.467578125 0.5430555555555555 0.0125 0.02013888888888889
1 0.46796875 0.5125 0.013671875 0.041666666666666664
12 0.496484375 0.4798611111111111 0.029296875 0.034722222222222224
1 0.440234375 0.47291666666666665 0.024609375 0.041666666666666664
3 0.4546875 0.5159722222222223 0.013671875 0.02638888888888889