0 0.759375 0.53125 0.033984375 0.027083333333333334
3 0.759375 0.49236111111111114 0.03515625 0.05555555555555555
0 0.450390625 0.5020833333333333 0.012109375 0.02847222222222222
9 0.45078125 0.47430555555555554 0.015625 0.03125
0 0.394140625 0.49375 0.01796875 0.0375
8 0.3953125 0.4576388888888889 0.020703125 0.03819444444444445
4 0.371484375 0.44375 0.027734375 0.04791666666666667
1 0.3734375 0.37777777777777777 0.0296875 0.08888888888888889
12 0.4359375 0.30625 0.062109375 0.07152777777777777
1 0.31171875 0.2875 0.0578125 0.09444444444444444
3 0.32890625 0.3659722222222222 0.034765625 0.059722222222222225