0 0.854296875 0.50625 0.0453125 0.034722222222222224
3 0.853515625 0.4548611111111111 0.045703125 0.07013888888888889
0 0.440625 0.48541666666666666 0.012890625 0.03125
9 0.441796875 0.4527777777777778 0.017578125 0.034722222222222224
0 0.36328125 0.4722222222222222 0.023046875 0.04583333333333333
8 0.362890625 0.42569444444444443 0.02890625 0.050694444444444445
0 0.323046875 0.44513888888888886 0.026171875 0.03125
4 0.321875 0.39861111111111114 0.035546875 0.06180555555555556
1 0.323046875 0.3111111111111111 0.037890625 0.12152777777777778
12 0.40703125 0.2125 0.085546875 0.09444444444444444
3 0.244140625 0.2763888888888889 0.05078125 0.08680555555555555
1 0.23984375 0.19236111111111112 0.075 0.12222222222222222