7 0.86640625 0.46805555555555556 0.04453125 0.07916666666666666
1 0.7921875 0.37430555555555556 0.0390625 0.10555555555555556
1 0.7421875 0.26666666666666666 0.06875 0.10416666666666667
11 0.73046875 0.46319444444444446 0.065625 0.09861111111111111
3 0.662109375 0.5069444444444444 0.0203125 0.03263888888888889
9 0.48359375 0.49375 0.010546875 0.021527777777777778
0 0.483203125 0.5138888888888888 0.008984375 0.019444444444444445
1 0.444140625 0.45 0.018359375 0.052083333333333336
12 0.480078125 0.40902777777777777 0.0375 0.04097222222222222
1 0.40859375 0.40069444444444446 0.03125 0.052083333333333336
4 0.443359375 0.4875 0.014453125 0.025694444444444443
3 0.426953125 0.4527777777777778 0.018359375 0.034027777777777775