0 0.77890625 0.5340277777777778 0.03515625 0.02638888888888889
3 0.778515625 0.49236111111111114 0.03671875 0.05763888888888889
0 0.44765625 0.50625 0.012109375 0.027083333333333334
9 0.44765625 0.47638888888888886 0.01796875 0.03125
0 0.385546875 0.49722222222222223 0.01796875 0.03611111111111111
8 0.387109375 0.45902777777777776 0.021484375 0.04097222222222222
0 0.3609375 0.47847222222222224 0.021484375 0.02638888888888889
4 0.359765625 0.44027777777777777 0.027734375 0.050694444444444445
1 0.362109375 0.37222222222222223 0.03046875 0.09652777777777778
12 0.430078125 0.2951388888888889 0.0671875 0.07569444444444444
3 0.3109375 0.3548611111111111 0.0390625 0.06805555555555555
1 0.296875 0.27569444444444446 0.0609375 0.10069444444444445