0 0.780859375 0.5298611111111111 0.034375 0.029166666666666667
3 0.779296875 0.48680555555555555 0.03671875 0.06111111111111111
0 0.44609375 0.5013888888888889 0.012109375 0.02847222222222222
9 0.446875 0.47291666666666665 0.016015625 0.03194444444444444
0 0.383984375 0.4909722222222222 0.01953125 0.04097222222222222
8 0.384375 0.45416666666666666 0.023046875 0.04097222222222222
4 0.358984375 0.4361111111111111 0.03046875 0.05138888888888889
12 0.42734375 0.28888888888888886 0.066796875 0.07916666666666666
1 0.358984375 0.3659722222222222 0.031640625 0.09930555555555555
3 0.30859375 0.3486111111111111 0.040234375 0.07152777777777777
1 0.29296875 0.26875 0.062109375 0.09930555555555555