7 0.81953125 0.49166666666666664 0.04140625 0.06875
1 0.7625 0.4041666666666667 0.033203125 0.09513888888888888
1 0.71953125 0.3090277777777778 0.06171875 0.09444444444444444
11 0.714453125 0.47847222222222224 0.05859375 0.09027777777777778
3 0.655078125 0.5201388888888889 0.018359375 0.03194444444444444
9 0.486328125 0.5041666666666667 0.010546875 0.021527777777777778
1 0.45 0.4638888888888889 0.01953125 0.05416666666666667
12 0.484375 0.425 0.035546875 0.043055555555555555
4 0.4484375 0.5006944444444444 0.013671875 0.025694444444444443
3 0.433984375 0.46805555555555556 0.0171875 0.035416666666666666
1 0.417578125 0.41875 0.03125 0.05138888888888889
0 0.486328125 0.5243055555555556 0.008984375 0.017361111111111112