0 0.82734375 0.5208333333333334 0.041796875 0.03263888888888889
3 0.82734375 0.47430555555555554 0.04140625 0.06597222222222222
0 0.44296875 0.49444444444444446 0.012109375 0.029861111111111113
9 0.443359375 0.46319444444444446 0.01640625 0.03263888888888889
0 0.370703125 0.4840277777777778 0.022265625 0.04236111111111111
8 0.370703125 0.43819444444444444 0.026171875 0.05
4 0.335546875 0.4166666666666667 0.03203125 0.059027777777777776
0 0.336328125 0.4583333333333333 0.024609375 0.030555555555555555
1 0.336328125 0.3333333333333333 0.035546875 0.11319444444444444
12 0.415234375 0.24444444444444444 0.076171875 0.0875
1 0.260546875 0.2222222222222222 0.071484375 0.11458333333333333
3 0.269140625 0.3076388888888889 0.044921875 0.08125