7 0.753515625 0.5208333333333334 0.029296875 0.05416666666666667
1 0.71953125 0.44930555555555557 0.0265625 0.07569444444444444
1 0.685546875 0.3715277777777778 0.049609375 0.07777777777777778
11 0.69296875 0.5041666666666667 0.0515625 0.08263888888888889
3 0.64609375 0.5395833333333333 0.017578125 0.027777777777777776
12 0.494140625 0.45555555555555555 0.032421875 0.03819444444444445
9 0.496875 0.5236111111111111 0.009375 0.01875
3 0.451171875 0.4930555555555556 0.013671875 0.027777777777777776
1 0.464453125 0.4888888888888889 0.01328125 0.04583333333333333
4 0.463671875 0.5215277777777778 0.011328125 0.022916666666666665
1 0.43515625 0.44930555555555557 0.026953125 0.044444444444444446