1 0.39296875 0.36527777777777776 0.037109375 0.06180555555555556
1 0.433984375 0.42569444444444443 0.019921875 0.0625
3 0.411328125 0.425 0.020703125 0.03819444444444445
12 0.4765625 0.37777777777777777 0.04296875 0.04861111111111111
4 0.4328125 0.4708333333333333 0.016796875 0.025694444444444443
9 0.480859375 0.48194444444444445 0.01015625 0.020833333333333332
0 0.48046875 0.5055555555555555 0.009765625 0.02013888888888889
3 0.69375 0.5048611111111111 0.019921875 0.035416666666666666
11 0.79609375 0.44513888888888886 0.07890625 0.12152777777777778
1 0.935546875 0.30416666666666664 0.05234375 0.15555555555555556
1 0.86484375 0.14375 0.09609375 0.15416666666666667