7 0.84296875 0.4791666666666667 0.0421875 0.07083333333333333
1 0.77734375 0.38958333333333334 0.03671875 0.1
1 0.73046875 0.2881944444444444 0.0625 0.09930555555555555
11 0.721484375 0.4708333333333333 0.0609375 0.09375
3 0.657421875 0.5118055555555555 0.02109375 0.03194444444444444
12 0.480859375 0.4173611111111111 0.036328125 0.04236111111111111
1 0.41171875 0.4076388888888889 0.03046875 0.05277777777777778
9 0.483984375 0.4986111111111111 0.010546875 0.020833333333333332
1 0.44609375 0.45694444444444443 0.01640625 0.05138888888888889
3 0.4296875 0.4597222222222222 0.0171875 0.035416666666666666
4 0.4453125 0.49444444444444446 0.014453125 0.02638888888888889
0 0.483984375 0.51875 0.007421875 0.017361111111111112