7 0.734765625 0.5444444444444444 0.026953125 0.04722222222222222
1 0.70625 0.47638888888888886 0.026171875 0.07430555555555556
1 0.6734375 0.40347222222222223 0.044921875 0.07222222222222222
11 0.683203125 0.5277777777777778 0.04765625 0.07291666666666667
0 0.496875 0.5604166666666667 0.008203125 0.016666666666666666
9 0.496875 0.54375 0.009375 0.016666666666666666
12 0.49453125 0.47708333333333336 0.03046875 0.034722222222222224
1 0.4375 0.4701388888888889 0.02578125 0.043055555555555555
1 0.465625 0.5104166666666666 0.014453125 0.04375
4 0.465625 0.5409722222222222 0.012109375 0.021527777777777778
3 0.453125 0.5152777777777777 0.015625 0.02847222222222222
3 0.641796875 0.5590277777777778 0.016796875 0.02361111111111111