11 0.8234375 0.42916666666666664 0.08828125 0.13333333333333333
0 0.70546875 0.5236111111111111 0.02265625 0.01875
3 0.705078125 0.49444444444444446 0.025 0.03958333333333333
0 0.426171875 0.4847222222222222 0.013671875 0.018055555555555554
0 0.47734375 0.4965277777777778 0.009375 0.020833333333333332
9 0.476953125 0.4736111111111111 0.010546875 0.022916666666666665
12 0.47265625 0.3597222222222222 0.044921875 0.05277777777777778
1 0.382421875 0.34791666666666665 0.0390625 0.06458333333333334
3 0.401953125 0.41180555555555554 0.023828125 0.04652777777777778
1 0.426171875 0.4111111111111111 0.020703125 0.06666666666666667
4 0.426171875 0.45902777777777776 0.01796875 0.03125
1 0.93203125 0.07569444444444444 0.1234375 0.15138888888888888