7 0.737890625 0.5368055555555555 0.027734375 0.04722222222222222
1 0.708203125 0.46805555555555556 0.024609375 0.07361111111111111
1 0.675 0.39375 0.0453125 0.07083333333333333
11 0.68515625 0.5201388888888889 0.05234375 0.075
3 0.63984375 0.5520833333333334 0.015625 0.025
12 0.4921875 0.4673611111111111 0.0296875 0.03680555555555556
1 0.434375 0.46111111111111114 0.026171875 0.04027777777777778
1 0.46328125 0.5013888888888889 0.014453125 0.04236111111111111
9 0.49453125 0.5347222222222222 0.009765625 0.01875
4 0.462890625 0.5333333333333333 0.013671875 0.02013888888888889
3 0.449609375 0.5048611111111111 0.015625 0.027083333333333334