7 0.921484375 0.45208333333333334 0.05078125 0.08680555555555555
1 0.825390625 0.35138888888888886 0.041015625 0.11458333333333333
1 0.772265625 0.2326388888888889 0.072265625 0.12013888888888889
11 0.748046875 0.44930555555555557 0.06796875 0.10347222222222222
3 0.672265625 0.5 0.019921875 0.03263888888888889
0 0.48359375 0.5048611111111111 0.009765625 0.021527777777777778
9 0.483984375 0.48541666666666666 0.0109375 0.020833333333333332
4 0.44375 0.47638888888888886 0.0171875 0.027777777777777776
12 0.480859375 0.39444444444444443 0.039453125 0.04375
1 0.443359375 0.43819444444444444 0.019140625 0.05416666666666667
3 0.424609375 0.4395833333333333 0.021875 0.035416666666666666
1 0.406640625 0.3861111111111111 0.033984375 0.05277777777777778