11 0.8359375 0.43333333333333335 0.094140625 0.14444444444444443
3 0.709375 0.5041666666666667 0.026171875 0.041666666666666664
0 0.71015625 0.5340277777777778 0.02265625 0.019444444444444445
0 0.474609375 0.5048611111111111 0.009765625 0.022916666666666665
9 0.475390625 0.48055555555555557 0.0125 0.024305555555555556
12 0.46953125 0.36319444444444443 0.047265625 0.05486111111111111
4 0.421484375 0.46458333333333335 0.01796875 0.03333333333333333
0 0.420703125 0.49027777777777776 0.01328125 0.016666666666666666
1 0.42265625 0.4152777777777778 0.021875 0.06805555555555555
3 0.397265625 0.4131944444444444 0.023046875 0.044444444444444446
1 0.376953125 0.34791666666666665 0.0421875 0.06875