11 0.848828125 0.4222222222222222 0.09453125 0.14652777777777778
0 0.7125 0.525 0.0234375 0.01875
3 0.712109375 0.4965277777777778 0.025390625 0.04097222222222222
0 0.469140625 0.49722222222222223 0.009765625 0.024305555555555556
9 0.469921875 0.47291666666666665 0.012890625 0.025694444444444443
0 0.41328125 0.4826388888888889 0.015625 0.020833333333333332
4 0.41328125 0.4548611111111111 0.0203125 0.0375
12 0.462890625 0.3486111111111111 0.04921875 0.05694444444444444
1 0.414453125 0.4048611111111111 0.021484375 0.07152777777777777
1 0.367578125 0.3347222222222222 0.04296875 0.07222222222222222
3 0.386328125 0.40347222222222223 0.025 0.04861111111111111