0 0.843359375 0.5159722222222223 0.042578125 0.035416666666666666
3 0.84296875 0.46319444444444446 0.0421875 0.06597222222222222
0 0.440625 0.49166666666666664 0.0140625 0.03125
9 0.44140625 0.46111111111111114 0.016796875 0.03125
0 0.36484375 0.4791666666666667 0.02109375 0.04375
8 0.36484375 0.43472222222222223 0.0265625 0.04652777777777778
0 0.326171875 0.4534722222222222 0.024609375 0.03125
4 0.32578125 0.4083333333333333 0.034765625 0.06180555555555556
1 0.326953125 0.3236111111111111 0.036328125 0.11805555555555555
12 0.408984375 0.22916666666666666 0.08046875 0.09236111111111112
3 0.25234375 0.2916666666666667 0.046875 0.08402777777777778
1 0.246875 0.20694444444444443 0.076171875 0.12361111111111112