1 0.415625 0.41458333333333336 0.030078125 0.04791666666666667
3 0.433203125 0.46597222222222223 0.015234375 0.029861111111111113
1 0.448828125 0.4625 0.015234375 0.04791666666666667
4 0.4484375 0.4979166666666667 0.012890625 0.02361111111111111
12 0.4828125 0.4236111111111111 0.033203125 0.03958333333333333
9 0.4859375 0.5034722222222222 0.008203125 0.017361111111111112
0 0.4859375 0.5222222222222223 0.007421875 0.017361111111111112
3 0.65625 0.5194444444444445 0.015625 0.027083333333333334
11 0.717578125 0.47638888888888886 0.05546875 0.08611111111111111
7 0.826953125 0.49027777777777776 0.0390625 0.06527777777777778
1 0.767578125 0.40069444444444446 0.0328125 0.09513888888888888
1 0.7234375 0.30277777777777776 0.0578125 0.09583333333333334