11 0.936328125 0.3819444444444444 0.123046875 0.18958333333333333
0 0.74140625 0.5145833333333333 0.028515625 0.022222222222222223
3 0.74140625 0.48055555555555557 0.029296875 0.04861111111111111
0 0.462109375 0.4847222222222222 0.0109375 0.024305555555555556
9 0.462890625 0.45902777777777776 0.01484375 0.025694444444444443
0 0.4125 0.4777777777777778 0.013671875 0.03125
8 0.413671875 0.4444444444444444 0.015625 0.035416666666666666
4 0.39375 0.43333333333333335 0.02421875 0.041666666666666664
0 0.39375 0.46458333333333335 0.0171875 0.02013888888888889
1 0.394140625 0.375 0.02734375 0.08125
12 0.45234375 0.3125 0.05546875 0.06666666666666667
1 0.34140625 0.29375 0.05078125 0.08194444444444444
3 0.359375 0.36527777777777776 0.03125 0.05416666666666667