7 0.733984375 0.5479166666666667 0.0265625 0.04861111111111111
11 0.684765625 0.5263888888888889 0.048046875 0.07152777777777777
1 0.70625 0.47847222222222224 0.025390625 0.07013888888888889
1 0.673046875 0.40555555555555556 0.045703125 0.07152777777777777
0 0.4984375 0.5597222222222222 0.00703125 0.016666666666666666
9 0.4984375 0.54375 0.009375 0.016666666666666666
12 0.49609375 0.47847222222222224 0.02890625 0.03611111111111111
1 0.4671875 0.5118055555555555 0.013671875 0.044444444444444446
1 0.439453125 0.4701388888888889 0.0265625 0.04236111111111111
4 0.4671875 0.5416666666666666 0.012890625 0.022222222222222223
3 0.4546875 0.5152777777777777 0.014453125 0.027083333333333334
3 0.641796875 0.5604166666666667 0.01484375 0.02361111111111111