11 0.809375 0.43819444444444444 0.084375 0.12777777777777777
1 0.973828125 0.2777777777777778 0.04921875 0.17222222222222222
1 0.900390625 0.09583333333333334 0.108984375 0.16805555555555557
0 0.698828125 0.5277777777777778 0.021875 0.016666666666666666
3 0.698828125 0.5006944444444444 0.023046875 0.03680555555555556
0 0.47734375 0.5041666666666667 0.009765625 0.022222222222222223
9 0.47734375 0.48055555555555557 0.012109375 0.024305555555555556
12 0.473046875 0.3701388888888889 0.044140625 0.05138888888888889
1 0.384765625 0.3576388888888889 0.040234375 0.06597222222222222
1 0.428125 0.42083333333333334 0.019921875 0.0625
4 0.42734375 0.46805555555555556 0.018359375 0.03263888888888889
3 0.4046875 0.41944444444444445 0.023046875 0.043055555555555555