0 0.83828125 0.5194444444444445 0.043359375 0.035416666666666666
3 0.837109375 0.4673611111111111 0.04375 0.07361111111111111
0 0.439453125 0.4930555555555556 0.015625 0.03194444444444444
9 0.441015625 0.4625 0.01875 0.034722222222222224
0 0.365625 0.4798611111111111 0.022265625 0.044444444444444446
8 0.36640625 0.4354166666666667 0.0265625 0.052083333333333336
4 0.328515625 0.4111111111111111 0.037109375 0.06319444444444444
1 0.32890625 0.32569444444444445 0.03984375 0.11666666666666667
3 0.25625 0.29583333333333334 0.046484375 0.08472222222222223
12 0.41015625 0.23333333333333334 0.080078125 0.09027777777777778
1 0.249609375 0.21041666666666667 0.07421875 0.11805555555555555
0 0.327734375 0.4548611111111111 0.024609375 0.02847222222222222