0 0.768359375 0.5354166666666667 0.034375 0.02638888888888889
3 0.767578125 0.49583333333333335 0.033203125 0.05347222222222222
0 0.44921875 0.5083333333333333 0.01171875 0.027777777777777776
9 0.449609375 0.48055555555555557 0.01484375 0.029166666666666667
0 0.391015625 0.5006944444444444 0.0171875 0.03680555555555556
8 0.3921875 0.46319444444444446 0.019140625 0.03958333333333333
0 0.366796875 0.48125 0.019140625 0.025
4 0.36640625 0.4465277777777778 0.027734375 0.04652777777777778
1 0.3671875 0.3784722222222222 0.028515625 0.09166666666666666
12 0.432421875 0.30625 0.064453125 0.07152777777777777
1 0.30625 0.2902777777777778 0.056640625 0.09166666666666666
3 0.321875 0.3680555555555556 0.03515625 0.06111111111111111