7 0.758984375 0.5145833333333333 0.03125 0.05486111111111111
1 0.72421875 0.4423611111111111 0.02734375 0.07916666666666666
11 0.693359375 0.4979166666666667 0.0515625 0.07916666666666666
1 0.68828125 0.36180555555555555 0.048828125 0.07430555555555556
9 0.495703125 0.5180555555555556 0.009765625 0.018055555555555554
12 0.492578125 0.44722222222222224 0.031640625 0.03680555555555556
1 0.462890625 0.48194444444444445 0.0140625 0.04652777777777778
3 0.448828125 0.48541666666666666 0.01484375 0.029861111111111113
4 0.4625 0.5152777777777777 0.01328125 0.022916666666666665
1 0.4328125 0.44027777777777777 0.02734375 0.04513888888888889
0 0.4953125 0.5354166666666667 0.007421875 0.01875
3 0.646875 0.5340277777777778 0.013671875 0.027083333333333334