7 0.89453125 0.4534722222222222 0.04609375 0.0798611111111111
1 0.810546875 0.3541666666666667 0.038671875 0.11458333333333333
1 0.758984375 0.23958333333333334 0.0703125 0.10972222222222222
11 0.740234375 0.44722222222222224 0.064453125 0.09930555555555555
3 0.66875 0.49722222222222223 0.01953125 0.02847222222222222
0 0.483984375 0.5006944444444444 0.009375 0.01875
9 0.483984375 0.48125 0.0109375 0.020833333333333332
4 0.44375 0.47430555555555554 0.016796875 0.02847222222222222
12 0.481640625 0.3923611111111111 0.0375 0.04236111111111111
1 0.44453125 0.4354166666666667 0.018359375 0.05347222222222222
3 0.426953125 0.4395833333333333 0.018359375 0.03333333333333333
1 0.40859375 0.3861111111111111 0.03359375 0.05486111111111111