0 0.7984375 0.5243055555555556 0.04140625 0.03125
3 0.7984375 0.4798611111111111 0.03828125 0.059722222222222225
9 0.446484375 0.46875 0.015625 0.03263888888888889
0 0.44609375 0.4986111111111111 0.0125 0.02638888888888889
0 0.380078125 0.48680555555555555 0.01953125 0.03958333333333333
8 0.38125 0.4465277777777778 0.02265625 0.043055555555555555
0 0.351171875 0.4666666666666667 0.022265625 0.025
4 0.351171875 0.42777777777777776 0.03203125 0.05416666666666667
1 0.351953125 0.35208333333333336 0.031640625 0.10208333333333333
12 0.4234375 0.2701388888888889 0.069921875 0.07847222222222222
3 0.2953125 0.33402777777777776 0.03984375 0.07152777777777777
1 0.283203125 0.2513888888888889 0.066015625 0.10277777777777777