11 0.89375 0.4125 0.108203125 0.1638888888888889
3 0.73125 0.4965277777777778 0.028125 0.04652777777777778
0 0.731640625 0.5291666666666667 0.02578125 0.02013888888888889
6 0.47109375 0.49722222222222223 0.0109375 0.025
9 0.471875 0.4736111111111111 0.0125 0.02361111111111111
0 0.4109375 0.48125 0.015625 0.02013888888888889
4 0.41015625 0.4513888888888889 0.022265625 0.04027777777777778
1 0.410546875 0.3972222222222222 0.023828125 0.07569444444444444
12 0.46328125 0.3388888888888889 0.051953125 0.06041666666666667
1 0.361328125 0.3236111111111111 0.0453125 0.0763888888888889
3 0.380078125 0.3951388888888889 0.026953125 0.050694444444444445
8 0.425 0.4618055555555556 0.0171875 0.034722222222222224