11 0.836328125 0.43333333333333335 0.0921875 0.14097222222222222
3 0.70859375 0.5034722222222222 0.025390625 0.04513888888888889
0 0.71015625 0.5347222222222222 0.024609375 0.022222222222222223
0 0.473046875 0.5055555555555555 0.009765625 0.02361111111111111
9 0.4734375 0.48125 0.012890625 0.024305555555555556
12 0.468359375 0.36180555555555555 0.046484375 0.058333333333333334
1 0.41953125 0.41597222222222224 0.019921875 0.06875
4 0.419140625 0.4666666666666667 0.0203125 0.035416666666666666
0 0.419140625 0.4909722222222222 0.01328125 0.01597222222222222
1 0.375390625 0.3486111111111111 0.04140625 0.06875
3 0.394140625 0.4166666666666667 0.02421875 0.049305555555555554