7 0.785546875 0.4986111111111111 0.033203125 0.05625
1 0.74140625 0.41944444444444445 0.0296875 0.08611111111111111
11 0.704296875 0.48194444444444445 0.053125 0.08194444444444444
1 0.703125 0.3326388888888889 0.054296875 0.08472222222222223
3 0.651171875 0.5208333333333334 0.01640625 0.029166666666666667
9 0.4921875 0.5048611111111111 0.010546875 0.02013888888888889
4 0.458203125 0.5020833333333333 0.013671875 0.024305555555555556
12 0.490625 0.4326388888888889 0.034375 0.04097222222222222
1 0.458203125 0.4666666666666667 0.015234375 0.04722222222222222
3 0.443359375 0.4708333333333333 0.016015625 0.034722222222222224
1 0.4265625 0.4236111111111111 0.029296875 0.04722222222222222
0 0.4921875 0.5243055555555556 0.008984375 0.017361111111111112