11 0.910546875 0.4076388888888889 0.115234375 0.17708333333333334
0 0.73515625 0.5326388888888889 0.026171875 0.022222222222222223
3 0.734375 0.49930555555555556 0.02734375 0.04513888888888889
0 0.466796875 0.5034722222222222 0.0109375 0.02361111111111111
9 0.467578125 0.4777777777777778 0.01484375 0.027083333333333334
0 0.419140625 0.49930555555555556 0.0125 0.03125
4 0.401953125 0.45555555555555555 0.021484375 0.03958333333333333
1 0.403125 0.39861111111111114 0.025 0.07708333333333334
0 0.402734375 0.4840277777777778 0.015625 0.021527777777777778
12 0.45859375 0.33819444444444446 0.052734375 0.059722222222222225
3 0.370703125 0.39444444444444443 0.02890625 0.05416666666666667
1 0.35234375 0.3215277777777778 0.046875 0.07847222222222222
8 0.42109375 0.46458333333333335 0.015625 0.034027777777777775