11 0.7890625 0.4375 0.076171875 0.11736111111111111
1 0.9171875 0.3055555555555556 0.0515625 0.14583333333333334
1 0.849609375 0.15138888888888888 0.092578125 0.1451388888888889
3 0.691796875 0.49583333333333335 0.020703125 0.034027777777777775
0 0.692578125 0.5215277777777778 0.020703125 0.017361111111111112
0 0.4828125 0.49722222222222223 0.009375 0.02013888888888889
9 0.483203125 0.4756944444444444 0.0109375 0.021527777777777778
4 0.4359375 0.4638888888888889 0.01640625 0.02847222222222222
1 0.437109375 0.4201388888888889 0.0203125 0.06111111111111111
12 0.478515625 0.3736111111111111 0.04296875 0.04513888888888889
1 0.39609375 0.36041666666666666 0.036328125 0.059722222222222225
3 0.415234375 0.4222222222222222 0.020703125 0.04027777777777778