0 0.758984375 0.5305555555555556 0.030859375 0.02638888888888889
3 0.758203125 0.49027777777777776 0.033203125 0.05416666666666667
0 0.4515625 0.5027777777777778 0.011328125 0.025694444444444443
9 0.45234375 0.47430555555555554 0.015625 0.02847222222222222
0 0.396484375 0.49375 0.015625 0.035416666666666666
8 0.398046875 0.4583333333333333 0.0203125 0.03888888888888889
4 0.374609375 0.44513888888888886 0.02734375 0.04513888888888889
0 0.37421875 0.47847222222222224 0.018359375 0.024305555555555556
1 0.375 0.3798611111111111 0.026953125 0.08819444444444445
12 0.4375 0.3090277777777778 0.061328125 0.07083333333333333
3 0.331640625 0.36944444444444446 0.032421875 0.059027777777777776
1 0.31484375 0.2916666666666667 0.0546875 0.08819444444444445