1 0.892578125 0.3173611111111111 0.050390625 0.1375
1 0.827734375 0.17152777777777778 0.087890625 0.13541666666666666
11 0.778125 0.43819444444444444 0.073828125 0.11597222222222223
3 0.68671875 0.49375 0.02109375 0.03680555555555556
0 0.6875 0.5173611111111112 0.021484375 0.014583333333333334
0 0.482421875 0.4951388888888889 0.009375 0.020833333333333332
9 0.483203125 0.4736111111111111 0.011328125 0.021527777777777778
4 0.43828125 0.46458333333333335 0.018359375 0.029166666666666667
1 0.43828125 0.42083333333333334 0.01953125 0.059027777777777776
12 0.47890625 0.375 0.041796875 0.04722222222222222
1 0.3984375 0.3638888888888889 0.0375 0.06111111111111111
3 0.4171875 0.42291666666666666 0.0203125 0.0375