1 0.41328125 0.4131944444444444 0.030078125 0.050694444444444445
3 0.430859375 0.4638888888888889 0.016015625 0.029861111111111113
1 0.447265625 0.45902777777777776 0.015625 0.04791666666666667
4 0.446875 0.49583333333333335 0.012109375 0.021527777777777778
12 0.481640625 0.4201388888888889 0.03359375 0.0375
9 0.484375 0.5013888888888889 0.008203125 0.016666666666666666
0 0.484375 0.5201388888888889 0.008203125 0.02013888888888889
3 0.655859375 0.5159722222222223 0.01796875 0.027083333333333334
11 0.7171875 0.47430555555555554 0.055078125 0.08958333333333333
7 0.829296875 0.4840277777777778 0.0390625 0.06388888888888888
1 0.769140625 0.3972222222222222 0.032421875 0.09583333333333334
1 0.723828125 0.2986111111111111 0.058984375 0.09861111111111111