7 0.8734375 0.4638888888888889 0.046484375 0.075
1 0.796484375 0.3701388888888889 0.0390625 0.11041666666666666
1 0.746484375 0.26319444444444445 0.067578125 0.10625
11 0.732421875 0.45902777777777776 0.064453125 0.09305555555555556
3 0.66484375 0.5048611111111111 0.022265625 0.03611111111111111
9 0.484375 0.49236111111111114 0.0109375 0.021527777777777778
0 0.484765625 0.5125 0.0078125 0.019444444444444445
1 0.4453125 0.44930555555555557 0.016796875 0.05277777777777778
12 0.48046875 0.40625 0.036328125 0.03958333333333333
3 0.428125 0.4513888888888889 0.01796875 0.034722222222222224
4 0.444921875 0.4875 0.015625 0.025
1 0.411328125 0.3993055555555556 0.03359375 0.05347222222222222