0 0.7734375 0.5381944444444444 0.03359375 0.02638888888888889
3 0.7734375 0.4979166666666667 0.035546875 0.05347222222222222
0 0.4484375 0.5097222222222222 0.0125 0.025694444444444443
9 0.449609375 0.48125 0.016796875 0.029861111111111113
0 0.3890625 0.5006944444444444 0.01875 0.0375
8 0.390234375 0.4625 0.022265625 0.03958333333333333
0 0.3640625 0.48333333333333334 0.01953125 0.025
4 0.363671875 0.4465277777777778 0.027734375 0.04861111111111111
1 0.365234375 0.37916666666666665 0.03046875 0.09652777777777778
12 0.43125 0.30416666666666664 0.064453125 0.07291666666666667
3 0.316015625 0.3625 0.0375 0.06597222222222222
1 0.301953125 0.28541666666666665 0.0578125 0.09583333333333334