1 0.40625 0.38333333333333336 0.0328125 0.05555555555555555
3 0.424609375 0.4388888888888889 0.018359375 0.03263888888888889
1 0.44375 0.43472222222222223 0.016796875 0.05277777777777778
4 0.44296875 0.47430555555555554 0.013671875 0.022916666666666665
12 0.48125 0.39166666666666666 0.037109375 0.04097222222222222
9 0.484375 0.4826388888888889 0.01015625 0.01875
0 0.484375 0.5027777777777778 0.00859375 0.018055555555555554
3 0.673828125 0.49722222222222223 0.016796875 0.03194444444444444
11 0.749609375 0.44375 0.0671875 0.10208333333333333
1 0.830078125 0.34791666666666665 0.0390625 0.11666666666666667
7 0.928515625 0.4527777777777778 0.05 0.08541666666666667
1 0.77578125 0.22569444444444445 0.072265625 0.12152777777777778