4 0.773828125 0.50625 0.03203125 0.05486111111111111
1 0.733203125 0.42986111111111114 0.027734375 0.07916666666666666
1 0.696484375 0.3472222222222222 0.05078125 0.08055555555555556
11 0.70078125 0.4909722222222222 0.05234375 0.08194444444444444
3 0.65 0.5270833333333333 0.017578125 0.029166666666666667
9 0.49453125 0.5118055555555555 0.009765625 0.02013888888888889
12 0.4921875 0.44027777777777777 0.03125 0.03819444444444445
1 0.430078125 0.4326388888888889 0.027734375 0.04722222222222222
1 0.461328125 0.4756944444444444 0.01484375 0.04722222222222222
3 0.446484375 0.47708333333333336 0.015625 0.02847222222222222
4 0.460546875 0.5090277777777777 0.012890625 0.022916666666666665
0 0.494140625 0.53125 0.008203125 0.016666666666666666