7 0.738671875 0.5375 0.028125 0.05
1 0.709375 0.4673611111111111 0.02578125 0.07291666666666667
1 0.67578125 0.39444444444444443 0.04609375 0.07083333333333333
11 0.68671875 0.51875 0.050390625 0.075
3 0.6421875 0.5520833333333334 0.01484375 0.02638888888888889
0 0.496875 0.5513888888888889 0.008203125 0.018055555555555554
9 0.497265625 0.5361111111111111 0.009765625 0.019444444444444445
4 0.46640625 0.5326388888888889 0.0140625 0.022222222222222223
12 0.494921875 0.46875 0.03046875 0.0375
1 0.437109375 0.4618055555555556 0.026171875 0.04236111111111111
3 0.453515625 0.5055555555555555 0.0140625 0.027777777777777776
1 0.466796875 0.5020833333333333 0.01328125 0.041666666666666664