9 0.481640625 0.4895833333333333 0.01015625 0.019444444444444445
0 0.481640625 0.5104166666666666 0.0078125 0.019444444444444445
4 0.43984375 0.48194444444444445 0.013671875 0.02361111111111111
12 0.478515625 0.4 0.03671875 0.04097222222222222
1 0.441015625 0.44375 0.0171875 0.052083333333333336
3 0.423046875 0.4465277777777778 0.017578125 0.03333333333333333
1 0.404296875 0.39166666666666666 0.032421875 0.05277777777777778
3 0.668359375 0.5055555555555555 0.015625 0.03125
11 0.742578125 0.4548611111111111 0.06484375 0.09791666666666667
7 0.911328125 0.46111111111111114 0.0484375 0.08055555555555556
1 0.818359375 0.3597222222222222 0.038671875 0.11388888888888889
1 0.765234375 0.24166666666666667 0.070703125 0.11527777777777778