0 0.8953125 0.4979166666666667 0.0484375 0.03819444444444445
3 0.89375 0.4388888888888889 0.049609375 0.08333333333333333
0 0.439453125 0.475 0.014453125 0.03194444444444444
9 0.441015625 0.44305555555555554 0.019921875 0.03611111111111111
0 0.3546875 0.4583333333333333 0.0234375 0.04722222222222222
8 0.354296875 0.40902777777777777 0.03125 0.05486111111111111
4 0.306640625 0.3763888888888889 0.04140625 0.07083333333333333
0 0.306640625 0.4263888888888889 0.027734375 0.03819444444444445
1 0.307421875 0.27847222222222223 0.04453125 0.13680555555555557
12 0.401171875 0.17222222222222222 0.09140625 0.10486111111111111
1 0.21640625 0.14652777777777778 0.082421875 0.13472222222222222
3 0.212109375 0.2326388888888889 0.0578125 0.09791666666666667