7 0.7609375 0.5131944444444444 0.030078125 0.05555555555555555
1 0.725390625 0.4388888888888889 0.02734375 0.0798611111111111
1 0.68984375 0.3590277777777778 0.04921875 0.075
11 0.69609375 0.4951388888888889 0.05 0.07847222222222222
3 0.648046875 0.5319444444444444 0.01484375 0.025694444444444443
0 0.4953125 0.5333333333333333 0.0078125 0.018055555555555554
9 0.4953125 0.5152777777777777 0.009375 0.018055555555555554
12 0.493359375 0.44583333333333336 0.031640625 0.035416666666666666
1 0.4328125 0.43819444444444444 0.026953125 0.043055555555555555
1 0.4625 0.48055555555555557 0.01484375 0.04513888888888889
4 0.46328125 0.5138888888888888 0.01328125 0.020833333333333332
3 0.449609375 0.4840277777777778 0.015234375 0.02847222222222222