1 0.874609375 0.33055555555555555 0.049609375 0.13472222222222222
1 0.81328125 0.18888888888888888 0.084765625 0.1361111111111111
11 0.769140625 0.44513888888888886 0.072265625 0.1111111111111111
3 0.68203125 0.49930555555555556 0.019921875 0.03680555555555556
0 0.481640625 0.5 0.009375 0.021527777777777778
9 0.48203125 0.4791666666666667 0.012109375 0.022916666666666665
12 0.47890625 0.38125 0.041015625 0.04583333333333333
1 0.4 0.3701388888888889 0.037109375 0.058333333333333334
1 0.43828125 0.4263888888888889 0.01953125 0.059027777777777776
4 0.4375 0.4701388888888889 0.01796875 0.030555555555555555
3 0.418359375 0.4284722222222222 0.021484375 0.03680555555555556