0 0.8359375 0.5194444444444445 0.043359375 0.03263888888888889
3 0.836328125 0.47152777777777777 0.0421875 0.06805555555555555
0 0.44140625 0.49375 0.0140625 0.029166666666666667
9 0.44296875 0.4625 0.017578125 0.03333333333333333
0 0.368359375 0.48125 0.02109375 0.041666666666666664
8 0.36875 0.4361111111111111 0.02578125 0.04722222222222222
0 0.33203125 0.45555555555555555 0.024609375 0.029861111111111113
4 0.33125 0.4125 0.033203125 0.059027777777777776
1 0.3328125 0.32916666666666666 0.035546875 0.11458333333333333
12 0.4125 0.23680555555555555 0.0796875 0.09097222222222222
1 0.255078125 0.21458333333333332 0.073046875 0.11875
3 0.26171875 0.30069444444444443 0.045703125 0.0798611111111111