11 0.881640625 0.41875 0.1046875 0.1597222222222222
3 0.725 0.5034722222222222 0.02578125 0.04375
0 0.726171875 0.5340277777777778 0.02734375 0.022916666666666665
0 0.469140625 0.5020833333333333 0.009765625 0.021527777777777778
9 0.469921875 0.47708333333333336 0.0125 0.025694444444444443
0 0.409765625 0.48541666666666666 0.015234375 0.019444444444444445
4 0.409765625 0.45625 0.022265625 0.04027777777777778
1 0.410546875 0.4027777777777778 0.02421875 0.07361111111111111
12 0.4625 0.34652777777777777 0.049609375 0.059722222222222225
3 0.380859375 0.4 0.0265625 0.04861111111111111
1 0.361328125 0.33055555555555555 0.04453125 0.07430555555555556