1 0.895703125 0.3194444444444444 0.048828125 0.1451388888888889
11 0.778515625 0.44305555555555554 0.07578125 0.11388888888888889
1 0.83046875 0.17083333333333334 0.091015625 0.1423611111111111
3 0.686328125 0.4986111111111111 0.020703125 0.035416666666666666
0 0.68671875 0.525 0.02109375 0.018055555555555554
9 0.48125 0.48055555555555557 0.01171875 0.021527777777777778
0 0.480859375 0.5020833333333333 0.00859375 0.019444444444444445
12 0.47734375 0.37916666666666665 0.040625 0.04583333333333333
1 0.395703125 0.3680555555555556 0.03515625 0.059722222222222225
3 0.415234375 0.42777777777777776 0.01953125 0.0375
1 0.43515625 0.4270833333333333 0.018359375 0.06041666666666667
4 0.434765625 0.46944444444444444 0.017578125 0.029861111111111113