7 0.751953125 0.5256944444444445 0.0296875 0.052083333333333336
1 0.71796875 0.4548611111111111 0.028125 0.07916666666666666
1 0.684375 0.3770833333333333 0.046875 0.075
11 0.6921875 0.5097222222222222 0.05078125 0.07430555555555556
3 0.64609375 0.54375 0.01640625 0.027083333333333334
9 0.496875 0.5277777777777778 0.009375 0.01875
4 0.464453125 0.525 0.0125 0.021527777777777778
12 0.494921875 0.45902777777777776 0.030078125 0.03819444444444445
1 0.43515625 0.45069444444444445 0.026171875 0.041666666666666664
1 0.46484375 0.49236111111111114 0.01484375 0.044444444444444446
3 0.451953125 0.49722222222222223 0.015625 0.029166666666666667