0 0.870703125 0.5256944444444445 0.04765625 0.03819444444444445
3 0.86953125 0.4708333333333333 0.046875 0.0763888888888889
0 0.434765625 0.50625 0.0140625 0.03194444444444444
9 0.435546875 0.47430555555555554 0.01796875 0.034027777777777775
0 0.353515625 0.4909722222222222 0.02265625 0.04722222222222222
8 0.35234375 0.4423611111111111 0.0296875 0.052083333333333336
0 0.30859375 0.46041666666666664 0.026171875 0.03333333333333333
4 0.308203125 0.4125 0.0375 0.06527777777777778
1 0.309375 0.31805555555555554 0.040625 0.12569444444444444
12 0.397265625 0.21736111111111112 0.087109375 0.09861111111111111
3 0.22109375 0.28055555555555556 0.05390625 0.09305555555555556
1 0.22265625 0.1951388888888889 0.0828125 0.13125