1 0.907421875 0.3125 0.05 0.14652777777777778
1 0.840234375 0.16319444444444445 0.092578125 0.1423611111111111
11 0.7828125 0.4423611111111111 0.075390625 0.11388888888888889
3 0.687890625 0.49930555555555556 0.021484375 0.034027777777777775
0 0.688671875 0.525 0.0203125 0.015277777777777777
0 0.480078125 0.5013888888888889 0.009375 0.02013888888888889
9 0.480078125 0.4791666666666667 0.011328125 0.022916666666666665
12 0.475390625 0.3784722222222222 0.041015625 0.049305555555555554
1 0.39296875 0.36666666666666664 0.037109375 0.059722222222222225
1 0.434375 0.42569444444444443 0.01875 0.06041666666666667
3 0.4125 0.4263888888888889 0.021484375 0.04375
4 0.433984375 0.4708333333333333 0.0171875 0.030555555555555555