0 0.86484375 0.5291666666666667 0.05 0.03958333333333333
3 0.863671875 0.47291666666666665 0.050390625 0.07847222222222222
9 0.436328125 0.475 0.019921875 0.034722222222222224
0 0.4359375 0.5090277777777777 0.0140625 0.027777777777777776
0 0.355859375 0.4909722222222222 0.023046875 0.041666666666666664
8 0.3546875 0.4409722222222222 0.030078125 0.05486111111111111
0 0.31171875 0.4618055555555556 0.02890625 0.03263888888888889
4 0.31015625 0.41388888888888886 0.039453125 0.06388888888888888
1 0.31171875 0.3236111111111111 0.041796875 0.12430555555555556
12 0.398828125 0.22152777777777777 0.089453125 0.09930555555555555
1 0.22734375 0.19791666666666666 0.077734375 0.12569444444444444
3 0.226171875 0.2847222222222222 0.050390625 0.08680555555555555