7 0.7625 0.5125 0.033203125 0.05277777777777778
1 0.727734375 0.43819444444444444 0.028125 0.0798611111111111
1 0.690625 0.3576388888888889 0.04921875 0.07847222222222222
11 0.697265625 0.4965277777777778 0.0515625 0.08125
3 0.648046875 0.53125 0.015625 0.02638888888888889
9 0.495703125 0.5159722222222223 0.01015625 0.018055555555555554
4 0.462109375 0.5131944444444444 0.012890625 0.019444444444444445
1 0.46328125 0.4798611111111111 0.0140625 0.04652777777777778
12 0.493359375 0.44583333333333336 0.031640625 0.03819444444444445
1 0.432421875 0.4388888888888889 0.028125 0.044444444444444446
3 0.448828125 0.4840277777777778 0.015625 0.029861111111111113
0 0.4953125 0.5340277777777778 0.006640625 0.017361111111111112