11 0.873046875 0.4201388888888889 0.10625 0.16458333333333333
3 0.7234375 0.5006944444444444 0.028125 0.044444444444444446
0 0.72421875 0.5326388888888889 0.023828125 0.020833333333333332
0 0.471875 0.5013888888888889 0.010546875 0.025
9 0.472265625 0.47638888888888886 0.0140625 0.027083333333333334
0 0.42890625 0.49722222222222223 0.01328125 0.029166666666666667
4 0.41328125 0.45625 0.0203125 0.03888888888888889
1 0.41328125 0.40347222222222223 0.023828125 0.075
12 0.46484375 0.3472222222222222 0.05 0.05694444444444444
1 0.366015625 0.3326388888888889 0.0453125 0.07569444444444444
3 0.385546875 0.4 0.02734375 0.05138888888888889