0 0.91796875 0.5326388888888889 0.0546875 0.03819444444444445
3 0.916015625 0.4701388888888889 0.052734375 0.08611111111111111
0 0.43515625 0.5166666666666667 0.015234375 0.034027777777777775
9 0.435546875 0.48125 0.0203125 0.03611111111111111
0 0.344921875 0.4979166666666667 0.0234375 0.050694444444444445
8 0.344140625 0.4465277777777778 0.03046875 0.05416666666666667
4 0.29140625 0.4097222222222222 0.044140625 0.07430555555555556
1 0.2921875 0.30694444444444446 0.043359375 0.14027777777777778
12 0.390625 0.19305555555555556 0.097265625 0.10972222222222222
3 0.183984375 0.2513888888888889 0.061328125 0.10694444444444444
1 0.1953125 0.16805555555555557 0.08828125 0.1451388888888889