7 0.76640625 0.5097222222222222 0.031640625 0.05555555555555555
1 0.728515625 0.43472222222222223 0.028125 0.08055555555555556
1 0.692578125 0.35347222222222224 0.049609375 0.07708333333333334
11 0.6984375 0.49375 0.051953125 0.08125
2 0.648828125 0.5291666666666667 0.01640625 0.027777777777777776
9 0.4953125 0.5145833333333333 0.008984375 0.01875
4 0.4625 0.5104166666666666 0.012890625 0.021527777777777778
1 0.4625 0.47708333333333336 0.013671875 0.04583333333333333
4 0.493359375 0.44305555555555554 0.032421875 0.04097222222222222
4 0.43203125 0.43472222222222223 0.028515625 0.04652777777777778
4 0.4484375 0.48055555555555557 0.015625 0.03263888888888889