11 0.91484375 0.4013888888888889 0.11875 0.18472222222222223
3 0.73671875 0.49444444444444446 0.02734375 0.049305555555555554
1 0.7375 0.5291666666666667 0.0265625 0.020833333333333332
0 0.466015625 0.4986111111111111 0.01171875 0.025
9 0.46640625 0.47430555555555554 0.015234375 0.027083333333333334
0 0.41953125 0.4930555555555556 0.01328125 0.03263888888888889
8 0.4203125 0.46041666666666664 0.016015625 0.03680555555555556
4 0.401171875 0.4513888888888889 0.022265625 0.04027777777777778
1 0.401171875 0.39444444444444443 0.026171875 0.08194444444444444
12 0.45703125 0.3333333333333333 0.055859375 0.06458333333333334
1 0.349609375 0.31666666666666665 0.048828125 0.08055555555555556
3 0.369140625 0.38819444444444445 0.027734375 0.052083333333333336