0 0.814453125 0.5215277777777778 0.03984375 0.03194444444444444
3 0.815234375 0.47638888888888886 0.041796875 0.06319444444444444
0 0.446484375 0.49375 0.012890625 0.029861111111111113
9 0.446484375 0.4625 0.016796875 0.03194444444444444
0 0.377734375 0.48194444444444445 0.019140625 0.03888888888888889
8 0.378125 0.44166666666666665 0.0234375 0.043055555555555555
4 0.346484375 0.41875 0.032421875 0.05694444444444444
0 0.3453125 0.46041666666666664 0.020703125 0.025
1 0.346875 0.34097222222222223 0.0328125 0.10486111111111111
12 0.42265625 0.25625 0.072265625 0.08263888888888889
3 0.284375 0.3173611111111111 0.0421875 0.07291666666666667
1 0.2734375 0.23472222222222222 0.065625 0.10416666666666667