0 0.816015625 0.5201388888888889 0.04140625 0.030555555555555555
3 0.815234375 0.4736111111111111 0.040234375 0.06180555555555556
0 0.444921875 0.49166666666666664 0.0140625 0.030555555555555555
9 0.445703125 0.46041666666666664 0.0171875 0.03263888888888889
0 0.375390625 0.48125 0.019921875 0.03888888888888889
8 0.376171875 0.4395833333333333 0.024609375 0.04583333333333333
4 0.3421875 0.41805555555555557 0.030078125 0.058333333333333334
0 0.34296875 0.4576388888888889 0.021875 0.02847222222222222
1 0.34375 0.33819444444444446 0.03359375 0.10833333333333334
6 0.419921875 0.25069444444444444 0.0734375 0.08194444444444444
1 0.270703125 0.23055555555555557 0.066796875 0.10902777777777778
3 0.280859375 0.3159722222222222 0.041796875 0.07708333333333334