7 0.977734375 0.43472222222222223 0.04453125 0.09375
1 0.863671875 0.325 0.044921875 0.13125
1 0.80390625 0.19166666666666668 0.083203125 0.12916666666666668
11 0.766015625 0.43472222222222223 0.071875 0.11041666666666666
3 0.682421875 0.4861111111111111 0.020703125 0.035416666666666666
0 0.6828125 0.5118055555555555 0.01953125 0.01597222222222222
9 0.485546875 0.4708333333333333 0.011328125 0.02361111111111111
0 0.48515625 0.49236111111111114 0.008984375 0.01875
4 0.4421875 0.4625 0.0171875 0.030555555555555555
1 0.443359375 0.41944444444444445 0.019140625 0.05555555555555555
12 0.482421875 0.3763888888888889 0.041015625 0.04513888888888889
1 0.40390625 0.36527777777777776 0.033984375 0.05763888888888889
3 0.42265625 0.4236111111111111 0.020703125 0.03680555555555556