11 0.77265625 0.44722222222222224 0.075390625 0.11041666666666666
1 0.879296875 0.33055555555555555 0.051171875 0.14097222222222222
1 0.81640625 0.19027777777777777 0.087890625 0.13680555555555557
3 0.68359375 0.5 0.02265625 0.03611111111111111
0 0.683203125 0.525 0.01953125 0.01597222222222222
0 0.48125 0.5027777777777778 0.00859375 0.021527777777777778
9 0.48125 0.48194444444444445 0.01171875 0.022916666666666665
12 0.478125 0.38472222222222224 0.040625 0.04513888888888889
1 0.4375 0.4305555555555556 0.01796875 0.058333333333333334
4 0.436328125 0.47430555555555554 0.017578125 0.029861111111111113
1 0.3984375 0.3736111111111111 0.0359375 0.06041666666666667
3 0.417578125 0.43333333333333335 0.019921875 0.034027777777777775