0 0.7765625 0.5388888888888889 0.033984375 0.027777777777777776
3 0.776171875 0.49930555555555556 0.035546875 0.05625
0 0.44765625 0.5111111111111111 0.011328125 0.027083333333333334
9 0.448828125 0.48194444444444445 0.01640625 0.03194444444444444
0 0.3875 0.5020833333333333 0.017578125 0.03611111111111111
8 0.388671875 0.4625 0.0203125 0.04097222222222222
0 0.36171875 0.48333333333333334 0.0203125 0.025694444444444443
4 0.362109375 0.4465277777777778 0.027734375 0.04861111111111111
12 0.43125 0.3020833333333333 0.067578125 0.07708333333333334
1 0.363671875 0.3770833333333333 0.030859375 0.09583333333333334
1 0.300390625 0.28402777777777777 0.06015625 0.09583333333333334
3 0.3140625 0.36319444444444443 0.03671875 0.06805555555555555