7 0.801953125 0.49236111111111114 0.037109375 0.06180555555555556
1 0.751953125 0.4083333333333333 0.03203125 0.08680555555555555
1 0.711328125 0.31666666666666665 0.05546875 0.08819444444444445
11 0.71015625 0.4756944444444444 0.055859375 0.08611111111111111
3 0.654296875 0.5159722222222223 0.016015625 0.027777777777777776
0 0.490234375 0.51875 0.00859375 0.01875
9 0.490234375 0.5013888888888889 0.009375 0.018055555555555554
4 0.454296875 0.49722222222222223 0.01328125 0.024305555555555556
12 0.487109375 0.4236111111111111 0.033984375 0.03819444444444445
1 0.42265625 0.41805555555555557 0.03046875 0.04861111111111111
3 0.439453125 0.4673611111111111 0.016015625 0.030555555555555555
1 0.455078125 0.4625 0.015625 0.049305555555555554