7 0.748828125 0.5291666666666667 0.0296875 0.050694444444444445
1 0.717578125 0.4597222222222222 0.025 0.075
1 0.6828125 0.38333333333333336 0.047265625 0.07152777777777777
11 0.692578125 0.5111111111111111 0.048046875 0.07569444444444444
3 0.64765625 0.5458333333333333 0.016015625 0.02638888888888889
9 0.500390625 0.5291666666666667 0.009375 0.01875
4 0.468359375 0.5270833333333333 0.01328125 0.02013888888888889
12 0.498046875 0.46111111111111114 0.030859375 0.034027777777777775
1 0.469140625 0.49583333333333335 0.0140625 0.043055555555555555
3 0.455859375 0.5 0.0140625 0.029861111111111113
1 0.440625 0.45625 0.02578125 0.043055555555555555