1 0.92421875 0.07916666666666666 0.116015625 0.15347222222222223
11 0.818359375 0.42986111111111114 0.08671875 0.13125
3 0.70234375 0.49375 0.025 0.04097222222222222
9 0.476953125 0.47291666666666665 0.01171875 0.024305555555555556
0 0.4765625 0.49583333333333335 0.009375 0.022222222222222223
12 0.472265625 0.3590277777777778 0.045703125 0.05277777777777778
1 0.381640625 0.3472222222222222 0.041015625 0.06805555555555555
1 0.42578125 0.41041666666666665 0.02265625 0.06944444444444445
3 0.401953125 0.4097222222222222 0.0234375 0.04375
4 0.426171875 0.45902777777777776 0.019140625 0.034722222222222224
0 0.703515625 0.5222222222222223 0.021875 0.018055555555555554