7 0.841796875 0.47708333333333336 0.042578125 0.07083333333333333
1 0.77734375 0.3888888888888889 0.037890625 0.10277777777777777
1 0.7296875 0.28680555555555554 0.06328125 0.09652777777777778
11 0.723046875 0.4673611111111111 0.06015625 0.09236111111111112
3 0.659375 0.5090277777777777 0.02109375 0.03611111111111111
9 0.48671875 0.4965277777777778 0.0109375 0.022222222222222223
12 0.48359375 0.4152777777777778 0.0359375 0.04097222222222222
1 0.4484375 0.4548611111111111 0.015625 0.050694444444444445
4 0.448046875 0.49236111111111114 0.01484375 0.027083333333333334
3 0.432421875 0.4583333333333333 0.01796875 0.03680555555555556
1 0.415234375 0.4076388888888889 0.03359375 0.05277777777777778