0 0.75390625 0.5305555555555556 0.033203125 0.02638888888888889
3 0.75390625 0.4930555555555556 0.033984375 0.05486111111111111
0 0.452734375 0.5006944444444444 0.0125 0.027777777777777776
9 0.453125 0.47430555555555554 0.016015625 0.02847222222222222
0 0.398828125 0.4930555555555556 0.015625 0.03680555555555556
8 0.399609375 0.4576388888888889 0.01875 0.04097222222222222
4 0.376953125 0.44375 0.026953125 0.04652777777777778
1 0.37734375 0.38055555555555554 0.03203125 0.08888888888888889
12 0.4390625 0.31180555555555556 0.0609375 0.06666666666666667
3 0.337109375 0.3715277777777778 0.033203125 0.06180555555555556
1 0.318359375 0.2951388888888889 0.051953125 0.09166666666666666