0 0.7515625 0.525 0.030078125 0.025694444444444443
3 0.750390625 0.48819444444444443 0.03046875 0.04861111111111111
0 0.455078125 0.49444444444444446 0.0109375 0.025
9 0.45546875 0.46805555555555556 0.014453125 0.025694444444444443
0 0.4015625 0.4875 0.015625 0.034722222222222224
8 0.402734375 0.45208333333333334 0.01796875 0.03819444444444445
0 0.38125 0.47152777777777777 0.01796875 0.022916666666666665
4 0.380078125 0.4395833333333333 0.02578125 0.043055555555555555
1 0.380859375 0.3770833333333333 0.02890625 0.0875
12 0.44140625 0.30972222222222223 0.05859375 0.06666666666666667
1 0.323828125 0.29305555555555557 0.051953125 0.08541666666666667
3 0.341015625 0.36944444444444446 0.03125 0.058333333333333334