11 0.8671875 0.42430555555555555 0.1015625 0.15555555555555556
3 0.71953125 0.5020833333333333 0.0265625 0.04375
0 0.72109375 0.5326388888888889 0.02421875 0.017361111111111112
0 0.46953125 0.5013888888888889 0.010546875 0.024305555555555556
9 0.4703125 0.47708333333333336 0.013671875 0.02638888888888889
12 0.4640625 0.34930555555555554 0.0515625 0.059722222222222225
1 0.4125 0.40555555555555556 0.02265625 0.07361111111111111
4 0.411328125 0.4583333333333333 0.01796875 0.0375
0 0.412109375 0.4861111111111111 0.01484375 0.01875
3 0.384375 0.4027777777777778 0.0265625 0.049305555555555554
1 0.365234375 0.3347222222222222 0.04375 0.07430555555555556