0 0.7453125 0.5263888888888889 0.03046875 0.025
3 0.7453125 0.49027777777777776 0.029296875 0.04791666666666667
0 0.456640625 0.49722222222222223 0.0109375 0.02638888888888889
8 0.45703125 0.4708333333333333 0.01328125 0.025
0 0.40546875 0.49027777777777776 0.014453125 0.03194444444444444
8 0.405859375 0.4548611111111111 0.016796875 0.03611111111111111
0 0.3859375 0.475 0.01796875 0.021527777777777778
4 0.38515625 0.44305555555555554 0.0234375 0.043055555555555555
1 0.3859375 0.38333333333333336 0.0265625 0.08472222222222223
12 0.445703125 0.3173611111111111 0.05703125 0.06597222222222222
3 0.3484375 0.375 0.03046875 0.05347222222222222
1 0.330078125 0.3 0.050390625 0.08263888888888889
11 0.944921875 0.37916666666666665 0.11015625 0.19444444444444445