7 0.80546875 0.49166666666666664 0.03671875 0.06319444444444444
1 0.753125 0.4083333333333333 0.033984375 0.09166666666666666
1 0.712109375 0.31527777777777777 0.058203125 0.09027777777777778
11 0.71015625 0.4777777777777778 0.0578125 0.08888888888888889
3 0.652734375 0.51875 0.017578125 0.029166666666666667
0 0.48671875 0.5201388888888889 0.00859375 0.019444444444444445
9 0.4875 0.5027777777777778 0.01015625 0.01875
12 0.484375 0.425 0.033984375 0.03819444444444445
1 0.419921875 0.4173611111111111 0.030078125 0.049305555555555554
1 0.4515625 0.46319444444444446 0.0171875 0.050694444444444445
3 0.435546875 0.46597222222222223 0.016796875 0.03194444444444444
4 0.4515625 0.4979166666666667 0.01484375 0.02361111111111111