0 0.787109375 0.5326388888888889 0.036328125 0.029861111111111113
3 0.787890625 0.4909722222222222 0.0390625 0.06041666666666667
0 0.44609375 0.50625 0.012109375 0.027083333333333334
9 0.446484375 0.47638888888888886 0.015234375 0.029861111111111113
0 0.382421875 0.4951388888888889 0.02109375 0.03958333333333333
8 0.383984375 0.45625 0.022265625 0.04097222222222222
0 0.355859375 0.4756944444444444 0.02109375 0.027777777777777776
4 0.35625 0.43680555555555556 0.029296875 0.05
1 0.356640625 0.3659722222222222 0.03046875 0.09722222222222222
12 0.426953125 0.2861111111111111 0.06796875 0.075
3 0.303125 0.3472222222222222 0.03984375 0.06805555555555555
1 0.289453125 0.2673611111111111 0.062109375 0.1