0 0.849609375 0.5083333333333333 0.04453125 0.03333333333333333
3 0.84921875 0.4583333333333333 0.04453125 0.07291666666666667
0 0.440625 0.4888888888888889 0.01328125 0.030555555555555555
9 0.441796875 0.4576388888888889 0.01796875 0.034027777777777775
0 0.36484375 0.4756944444444444 0.022265625 0.04513888888888889
8 0.3640625 0.42986111111111114 0.02578125 0.05
4 0.324609375 0.4048611111111111 0.035546875 0.06180555555555556
0 0.324609375 0.45069444444444445 0.025 0.03194444444444444
1 0.325390625 0.31666666666666665 0.0375 0.11944444444444445
12 0.408203125 0.22152777777777777 0.08125 0.09027777777777778
3 0.248046875 0.2847222222222222 0.049609375 0.08611111111111111
1 0.243359375 0.2 0.07578125 0.125