0 0.80234375 0.5284722222222222 0.0375 0.03125
3 0.80234375 0.48333333333333334 0.04140625 0.06180555555555556
0 0.44296875 0.5013888888888889 0.01328125 0.029861111111111113
9 0.444140625 0.47152777777777777 0.016796875 0.030555555555555555
8 0.3765625 0.45069444444444445 0.02421875 0.04513888888888889
0 0.376171875 0.4909722222222222 0.019140625 0.03958333333333333
4 0.3453125 0.42916666666666664 0.032421875 0.05486111111111111
0 0.3453125 0.4701388888888889 0.020703125 0.02847222222222222
1 0.346484375 0.3527777777777778 0.0328125 0.10416666666666667
12 0.41953125 0.26944444444444443 0.073828125 0.08611111111111111
3 0.28671875 0.3326388888888889 0.041015625 0.075
1 0.275 0.24861111111111112 0.0671875 0.10625