7 0.856640625 0.4708333333333333 0.042578125 0.07083333333333333
1 0.7859375 0.3784722222222222 0.036328125 0.10347222222222222
1 0.738671875 0.27291666666666664 0.064453125 0.1
11 0.72734375 0.46111111111111114 0.06171875 0.09097222222222222
3 0.661328125 0.5069444444444444 0.01875 0.03125
9 0.484765625 0.4930555555555556 0.010546875 0.021527777777777778
4 0.445703125 0.48680555555555555 0.015625 0.027083333333333334
1 0.445703125 0.4486111111111111 0.0171875 0.049305555555555554
12 0.481640625 0.40902777777777777 0.036328125 0.04027777777777778
1 0.410546875 0.40069444444444446 0.03125 0.049305555555555554
3 0.42890625 0.45208333333333334 0.0171875 0.03125
0 0.484375 0.5145833333333333 0.008984375 0.016666666666666666