7 0.816015625 0.49166666666666664 0.041015625 0.06458333333333334
1 0.7609375 0.40625 0.0328125 0.09444444444444444
1 0.718359375 0.3104166666666667 0.059375 0.09305555555555556
11 0.714453125 0.4791666666666667 0.058203125 0.08958333333333333
3 0.655078125 0.5194444444444445 0.01796875 0.03125
0 0.48671875 0.5229166666666667 0.008203125 0.019444444444444445
9 0.487109375 0.5048611111111111 0.010546875 0.01875
4 0.45 0.49930555555555556 0.015234375 0.025694444444444443
12 0.483984375 0.425 0.03515625 0.04027777777777778
1 0.41796875 0.4173611111111111 0.03046875 0.05138888888888889
1 0.450390625 0.46458333333333335 0.01640625 0.050694444444444445
3 0.434765625 0.46805555555555556 0.016015625 0.029166666666666667