11 0.755859375 0.44305555555555554 0.069140625 0.10625
3 0.676171875 0.49236111111111114 0.02109375 0.03333333333333333
0 0.676953125 0.5173611111111112 0.017578125 0.013194444444444444
1 0.843359375 0.33958333333333335 0.041796875 0.12222222222222222
1 0.78828125 0.21319444444444444 0.076171875 0.12291666666666666
7 0.95 0.4444444444444444 0.055078125 0.09791666666666667
9 0.484375 0.47638888888888886 0.01171875 0.022916666666666665
0 0.48359375 0.4965277777777778 0.00859375 0.01875
12 0.48125 0.38333333333333336 0.03828125 0.044444444444444446
1 0.442578125 0.42777777777777776 0.0171875 0.05763888888888889
4 0.441796875 0.46875 0.016796875 0.02847222222222222
3 0.423828125 0.43125 0.01953125 0.03333333333333333
1 0.405078125 0.37430555555555556 0.034765625 0.05555555555555555