7 0.74609375 0.5340277777777778 0.02890625 0.04583333333333333
1 0.71484375 0.46458333333333335 0.025390625 0.07430555555555556
1 0.680078125 0.3875 0.047265625 0.07152777777777777
11 0.689453125 0.5173611111111112 0.05 0.07708333333333334
3 0.64375 0.55 0.0171875 0.027777777777777776
9 0.49609375 0.5340277777777778 0.008984375 0.01875
12 0.49375 0.4666666666666667 0.0296875 0.035416666666666666
1 0.4640625 0.5 0.014453125 0.044444444444444446
1 0.435546875 0.4597222222222222 0.024609375 0.04375
3 0.451171875 0.5034722222222222 0.0140625 0.029166666666666667
4 0.4640625 0.5319444444444444 0.012890625 0.021527777777777778