1 0.884765625 0.32222222222222224 0.050390625 0.1375
11 0.77421875 0.44305555555555554 0.075 0.11319444444444444
1 0.82265625 0.1798611111111111 0.086328125 0.13680555555555557
3 0.683984375 0.49583333333333335 0.02265625 0.03611111111111111
0 0.68515625 0.5208333333333334 0.0203125 0.015277777777777777
9 0.48203125 0.47847222222222224 0.011328125 0.022916666666666665
0 0.481640625 0.5 0.00859375 0.019444444444444445
12 0.478515625 0.3784722222222222 0.042578125 0.05
1 0.39765625 0.3680555555555556 0.03515625 0.06041666666666667
1 0.437890625 0.42569444444444443 0.01796875 0.06111111111111111
4 0.436328125 0.46805555555555556 0.017578125 0.030555555555555555
3 0.417578125 0.4270833333333333 0.019921875 0.03819444444444445