7 0.780078125 0.5048611111111111 0.0328125 0.05763888888888889
1 0.737109375 0.425 0.0296875 0.08541666666666667
1 0.7 0.33958333333333335 0.055859375 0.08402777777777778
11 0.70078125 0.48680555555555555 0.05546875 0.08333333333333333
3 0.648828125 0.5256944444444445 0.015625 0.02847222222222222
0 0.490234375 0.5277777777777778 0.00859375 0.020833333333333332
9 0.490234375 0.5104166666666666 0.009375 0.018055555555555554
4 0.45625 0.50625 0.013671875 0.022222222222222223
12 0.487890625 0.4361111111111111 0.03203125 0.03819444444444445
1 0.45703125 0.4722222222222222 0.016015625 0.04791666666666667
3 0.4421875 0.4756944444444444 0.016015625 0.029166666666666667
1 0.42578125 0.4284722222222222 0.02890625 0.04583333333333333