11 0.93046875 0.38819444444444445 0.119921875 0.18263888888888888
0 0.739453125 0.5201388888888889 0.0296875 0.022222222222222223
3 0.7390625 0.48680555555555555 0.02890625 0.04583333333333333
0 0.4625 0.4909722222222222 0.01015625 0.025694444444444443
9 0.46328125 0.4652777777777778 0.01484375 0.025694444444444443
0 0.413671875 0.4847222222222222 0.01328125 0.03263888888888889
8 0.415234375 0.45 0.0171875 0.0375
4 0.394921875 0.44027777777777777 0.023828125 0.04027777777777778
0 0.3953125 0.47152777777777777 0.016015625 0.02013888888888889
1 0.395703125 0.3819444444444444 0.025 0.08055555555555556
12 0.45234375 0.3173611111111111 0.055078125 0.0625
1 0.341796875 0.30277777777777776 0.048828125 0.0798611111111111
3 0.36171875 0.375 0.02890625 0.052083333333333336