1 0.41875 0.41805555555555557 0.02890625 0.05
3 0.4359375 0.46805555555555556 0.015625 0.027777777777777776
1 0.4515625 0.4638888888888889 0.015625 0.04861111111111111
12 0.484375 0.42569444444444443 0.0328125 0.03680555555555556
4 0.450390625 0.4986111111111111 0.01171875 0.020833333333333332
9 0.4875 0.5034722222222222 0.008203125 0.013888888888888888
0 0.4875 0.5215277777777778 0.007421875 0.018055555555555554
3 0.65390625 0.51875 0.015625 0.025694444444444443
11 0.7109375 0.4777777777777778 0.054296875 0.0875
1 0.7140625 0.31319444444444444 0.05546875 0.09027777777777778
1 0.75625 0.40694444444444444 0.030859375 0.09097222222222222
7 0.809375 0.4930555555555556 0.034765625 0.06180555555555556