11 0.8484375 0.4173611111111111 0.094140625 0.14722222222222223
0 0.715234375 0.51875 0.024609375 0.019444444444444445
3 0.714453125 0.49027777777777776 0.024609375 0.041666666666666664
0 0.475390625 0.49236111111111114 0.009765625 0.022916666666666665
9 0.476171875 0.46805555555555556 0.01328125 0.025
12 0.4703125 0.34652777777777777 0.04921875 0.05694444444444444
1 0.421484375 0.4013888888888889 0.020703125 0.06875
4 0.4203125 0.4513888888888889 0.019140625 0.03333333333333333
1 0.375390625 0.3333333333333333 0.041796875 0.06944444444444445
3 0.394921875 0.4013888888888889 0.02578125 0.049305555555555554
0 0.420703125 0.47708333333333336 0.01484375 0.017361111111111112