0 0.7546875 0.5319444444444444 0.031640625 0.025
3 0.75546875 0.49236111111111114 0.033203125 0.05486111111111111
0 0.4515625 0.5034722222222222 0.01171875 0.025
9 0.4515625 0.4756944444444444 0.01484375 0.027083333333333334
0 0.396484375 0.49583333333333335 0.015234375 0.03194444444444444
8 0.39765625 0.4618055555555556 0.018359375 0.0375
4 0.37421875 0.44583333333333336 0.026171875 0.04652777777777778
0 0.374609375 0.4798611111111111 0.018359375 0.024305555555555556
1 0.375390625 0.38263888888888886 0.026171875 0.08611111111111111
3 0.33359375 0.37083333333333335 0.033203125 0.05763888888888889
1 0.316015625 0.29583333333333334 0.055859375 0.08819444444444445
12 0.437890625 0.3125 0.060546875 0.07013888888888889