11 0.885546875 0.4152777777777778 0.10859375 0.16527777777777777
3 0.7265625 0.4986111111111111 0.02734375 0.044444444444444446
0 0.72734375 0.5305555555555556 0.026171875 0.019444444444444445
0 0.469140625 0.4979166666666667 0.010546875 0.024305555555555556
9 0.46953125 0.4736111111111111 0.01328125 0.02638888888888889
4 0.40859375 0.4527777777777778 0.0234375 0.03888888888888889
12 0.461328125 0.3402777777777778 0.051953125 0.059027777777777776
1 0.409375 0.3993055555555556 0.0234375 0.07430555555555556
1 0.359375 0.3236111111111111 0.04765625 0.075
3 0.378515625 0.39375 0.028515625 0.052083333333333336
0 0.42421875 0.4930555555555556 0.013671875 0.029861111111111113