0 0.765234375 0.5361111111111111 0.033203125 0.025
3 0.764453125 0.49722222222222223 0.033984375 0.05416666666666667
0 0.449609375 0.5090277777777777 0.01171875 0.027083333333333334
9 0.45 0.48055555555555557 0.015234375 0.02847222222222222
8 0.39296875 0.46319444444444446 0.019921875 0.03958333333333333
0 0.3921875 0.5020833333333333 0.0171875 0.035416666666666666
4 0.36875 0.45 0.028125 0.04791666666666667
0 0.368359375 0.48333333333333334 0.019140625 0.022916666666666665
1 0.36953125 0.38263888888888886 0.027734375 0.09027777777777778
12 0.43359375 0.30972222222222223 0.0625 0.07013888888888889
3 0.324609375 0.3701388888888889 0.036328125 0.0625
1 0.3078125 0.2916666666666667 0.058984375 0.09236111111111112