11 0.925390625 0.39375 0.118359375 0.1798611111111111
0 0.738671875 0.525 0.02734375 0.025
3 0.737890625 0.49027777777777776 0.028515625 0.04652777777777778
0 0.463671875 0.49583333333333335 0.009765625 0.025
9 0.463671875 0.46944444444444444 0.013671875 0.025694444444444443
0 0.415234375 0.4888888888888889 0.014453125 0.030555555555555555
8 0.416015625 0.45555555555555555 0.0171875 0.035416666666666666
4 0.39765625 0.44583333333333336 0.023828125 0.04027777777777778
0 0.397265625 0.4756944444444444 0.016015625 0.01875
1 0.39765625 0.38819444444444445 0.024609375 0.07847222222222222
3 0.36328125 0.3798611111111111 0.028515625 0.05138888888888889
12 0.45390625 0.325 0.05546875 0.06388888888888888
1 0.34453125 0.3090277777777778 0.0484375 0.07916666666666666