11 0.920703125 0.39652777777777776 0.120703125 0.1840277777777778
0 0.7390625 0.525 0.028515625 0.02361111111111111
3 0.73828125 0.4909722222222222 0.03046875 0.05347222222222222
0 0.466015625 0.4965277777777778 0.01171875 0.027083333333333334
9 0.466015625 0.46944444444444444 0.014453125 0.02638888888888889
0 0.41796875 0.49027777777777776 0.013671875 0.03333333333333333
8 0.418359375 0.4548611111111111 0.01796875 0.03888888888888889
4 0.39921875 0.44513888888888886 0.02421875 0.041666666666666664
1 0.40078125 0.38958333333333334 0.0265625 0.08055555555555556
12 0.45625 0.32708333333333334 0.0546875 0.0625
1 0.34765625 0.3111111111111111 0.05 0.08055555555555556
3 0.366796875 0.38333333333333336 0.028515625 0.05347222222222222