1 0.915234375 0.08263888888888889 0.109375 0.16458333333333333
11 0.815625 0.43472222222222223 0.086328125 0.1326388888888889
0 0.701171875 0.5263888888888889 0.022265625 0.019444444444444445
3 0.700390625 0.5006944444444444 0.020703125 0.03194444444444444
0 0.476171875 0.49930555555555556 0.009765625 0.02361111111111111
9 0.476953125 0.47638888888888886 0.011328125 0.022222222222222223
4 0.425 0.4625 0.017578125 0.03125
1 0.426171875 0.41597222222222224 0.0203125 0.06458333333333334
12 0.471875 0.3645833333333333 0.04453125 0.052083333333333336
1 0.38359375 0.35138888888888886 0.039453125 0.06527777777777778
3 0.40234375 0.4152777777777778 0.022265625 0.044444444444444446