1 0.4421875 0.4708333333333333 0.023046875 0.03888888888888889
3 0.45625 0.5138888888888888 0.012890625 0.022916666666666665
1 0.46953125 0.5090277777777777 0.012109375 0.04097222222222222
4 0.469140625 0.5395833333333333 0.009375 0.016666666666666666
12 0.498046875 0.47847222222222224 0.028515625 0.03333333333333333
9 0.49921875 0.5423611111111111 0.0078125 0.014583333333333334
3 0.63984375 0.5611111111111111 0.012890625 0.021527777777777778
1 0.6703125 0.4131944444444444 0.04140625 0.06666666666666667
1 0.701171875 0.4840277777777778 0.02265625 0.06736111111111111
11 0.679296875 0.53125 0.041015625 0.06944444444444445
7 0.7265625 0.5520833333333334 0.0234375 0.03958333333333333
0 0.49921875 0.5583333333333333 0.006640625 0.014583333333333334