1 0.40234375 0.3770833333333333 0.033984375 0.05486111111111111
3 0.42109375 0.4326388888888889 0.01875 0.03263888888888889
1 0.440625 0.43125 0.0171875 0.05555555555555555
12 0.4796875 0.3861111111111111 0.0375 0.04236111111111111
4 0.43984375 0.47291666666666665 0.015234375 0.025
8 0.482421875 0.48055555555555557 0.01015625 0.019444444444444445
0 0.4828125 0.5013888888888889 0.0078125 0.01875
3 0.676953125 0.4965277777777778 0.019140625 0.03333333333333333
11 0.759765625 0.44513888888888886 0.069140625 0.10625
1 0.85078125 0.3388888888888889 0.041796875 0.12569444444444444
7 0.96484375 0.4486111111111111 0.053125 0.09027777777777778
1 0.79296875 0.20972222222222223 0.078125 0.12638888888888888