7 0.757421875 0.5180555555555556 0.0296875 0.05138888888888889
1 0.723046875 0.44513888888888886 0.026953125 0.07708333333333334
11 0.694921875 0.5013888888888889 0.051171875 0.0798611111111111
1 0.687109375 0.3659722222222222 0.048046875 0.07430555555555556
12 0.49375 0.4513888888888889 0.031640625 0.035416666666666666
9 0.496484375 0.5215277777777778 0.009375 0.018055555555555554
4 0.46328125 0.5180555555555556 0.0125 0.021527777777777778
1 0.4640625 0.48541666666666666 0.014453125 0.043055555555555555
3 0.450390625 0.4895833333333333 0.015234375 0.029166666666666667
1 0.434375 0.44513888888888886 0.028515625 0.04791666666666667
3 0.646875 0.5368055555555555 0.013671875 0.025
0 0.496484375 0.5388888888888889 0.00703125 0.016666666666666666